 -1.965
 -1.960
 -1.830
 -1.645
 -1.420
 -1.150
 -0.970
 -0.780
 -0.640
 -0.630
 -0.765
 -0.960
 -1.155
 -1.235
 -1.285
 -1.280
 -1.310
 -1.300
 -1.275
 -1.315
 -1.310
 -1.290
 -1.275
 -1.285
 -1.270
 -1.255
 -1.280
 -1.270
 -1.250
 -1.255
 -1.240
 -1.230
 -1.230
 -1.220
 -1.215
 -1.220
 -1.230
 -1.240
 -1.260
 -1.235
 -1.245
 -1.250
 -1.215
 -1.195
 -1.190
 -1.185
 -1.195
 -1.170
 -1.170
 -1.160
 -1.165
 -1.160
 -1.140
 -1.130
 -1.125
 -1.130
 -1.125
 -1.115
 -1.135
 -1.125
 -1.105
 -1.095
 -1.080
 -1.125
 -1.125
 -1.145
 -1.145
 -1.130
 -1.135
 -1.135
 -1.130
 -1.135
 -1.135
 -1.155
 -1.140
 -1.155
 -1.150
 -1.145
 -1.160
 -1.170
 -1.180
 -1.185
 -1.155
 -1.180
 -1.160
 -1.150
 -1.150
 -1.145
 -1.140
 -1.135
 -1.115
 -1.105
 -1.100
 -1.075
 -1.055
 -1.015
 -1.000
 -0.975
 -0.940
 -0.925
 -0.925
 -0.920
 -0.935
 -0.950
 -0.975
 -0.995
 -1.010
 -1.040
 -1.065
 -1.095
 -1.135
 -1.130
 -1.150
 -1.160
 -1.185
 -1.195
 -1.200
 -1.220
 -1.220
 -1.235
 -1.200
 -1.220
 -1.230
 -1.230
 -1.225
 -1.205
 -1.220
 -1.210
 -1.210
 -1.205
 -1.220
 -1.250
 -1.290
 -1.330
 -1.360
 -1.375
 -1.395
 -1.420
 -1.415
 -1.420
 -1.475
 -1.575
 -1.710
 -1.825
 -1.880
 -1.865
 -1.740
 -1.540
 -1.360
 -1.215
 -1.060
 -0.920
 -0.830
 -0.840
 -0.960
 -1.090
 -1.190
 -1.220
 -1.205
 -1.195
 -1.205
 -1.210
 -1.240
 -1.245
 -1.235
 -1.235
 -1.230
 -1.215
 -1.165
 -1.155
 -1.165
 -1.180
 -1.180
 -1.215
 -1.175
 -1.205
 -1.195
 -1.165
 -1.150
 -1.145
 -1.135
 -1.120
 -1.110
 -1.110
 -1.110
 -1.105
 -1.105
 -1.115
 -1.120
 -1.110
 -1.090
 -1.075
 -1.095
 -1.090
 -1.080
 -1.065
 -1.065
 -1.065
 -1.040
 -1.060
 -1.050
 -1.070
 -1.040
 -1.070
 -1.075
 -1.055
 -1.075
 -1.090
 -1.075
 -1.075
 -1.080
 -1.090
 -1.090
 -1.105
 -1.120
 -1.120
 -1.115
 -1.140
 -1.140
 -1.145
 -1.150
 -1.145
 -1.150
 -1.150
 -1.145
 -1.155
 -1.155
 -1.140
 -1.155
 -1.150
 -1.160
 -1.140
 -1.125
 -1.115
 -1.110
 -1.090
 -1.050
 -1.045
 -1.005
 -1.000
 -0.980
 -0.965
 -0.940
 -0.955
 -0.935
 -0.935
 -0.960
 -0.940
 -0.955
 -0.975
 -0.980
 -0.995
 -1.025
 -1.060
 -1.070
 -1.095
 -1.115
 -1.155
 -1.185
 -1.195
 -1.215
 -1.210
 -1.220
 -1.235
 -1.215
 -1.215
 -1.210
 -1.215
 -1.200
 -1.195
 -1.235
 -1.205
 -1.235
 -1.255
 -1.225
 -1.240
 -1.275
 -1.295
 -1.330
 -1.340
 -1.375
 -1.375
 -1.360
 -1.350
 -1.375
 -1.455
 -1.595
 -1.730
 -1.835
 -1.850
 -1.780
 -1.640
 -1.445
 -1.250
 -1.060
 -0.910
 -0.775
 -0.705
 -0.755
 -0.900
 -1.045
 -1.135
 -1.170
 -1.180
 -1.190
 -1.200
 -1.205
 -1.195
 -1.200
 -1.220
 -1.195
 -1.195
 -1.205
 -1.205
 -1.180
 -1.195
 -1.190
 -1.190
 -1.175
 -1.160
 -1.155
 -1.150
 -1.160
 -1.170
 -1.160
 -1.175
 -1.190
 -1.200
 -1.200
 -1.200
 -1.175
 -1.175
 -1.165
 -1.150
 -1.125
 -1.120
 -1.120
 -1.100
 -1.110
 -1.110
 -1.095
 -1.100
 -1.090
 -1.095
 -1.090
 -1.060
 -1.085
 -1.060
 -1.050
 -1.075
 -1.095
 -1.085
 -1.055
 -1.085
 -1.075
 -1.075
 -1.105
 -1.100
 -1.115
 -1.135
 -1.110
 -1.110
 -1.100
 -1.095
 -1.090
 -1.090
 -1.105
 -1.110
 -1.135
 -1.180
 -1.180
 -1.170
 -1.155
 -1.175
 -1.185
 -1.160
 -1.165
 -1.130
 -1.120
 -1.105
 -1.100
 -1.085
 -1.065
 -1.045
 -1.020
 -1.005
 -0.985
 -0.965
 -0.915
 -0.930
 -0.910
 -0.925
 -0.935
 -0.940
 -0.945
 -0.990
 -1.040
 -1.070
 -1.065
 -1.110
 -1.130
 -1.170
 -1.195
 -1.185
 -1.180
 -1.185
 -1.195
 -1.245
 -1.240
 -1.260
 -1.250
 -1.245
 -1.250
 -1.230
 -1.230
 -1.225
 -1.220
 -1.220
 -1.215
 -1.230
 -1.275
 -1.290
 -1.320
 -1.385
 -1.400
 -1.410
 -1.425
 -1.430
 -1.475
 -1.560
 -1.665
 -1.770
 -1.830
 -1.830
 -1.685
 -1.500
 -1.295
 -1.065
 -0.865
 -0.665
 -0.540
 -0.535
 -0.660
 -0.860
 -1.045
 -1.120
 -1.175
 -1.185
 -1.185
 -1.190
 -1.195
 -1.195
 -1.190
 -1.205
 -1.235
 -1.250
 -1.225
 -1.220
 -1.200
 -1.190
 -1.180
 -1.175
 -1.180
 -1.230
 -1.250
 -1.225
 -1.215
 -1.200
 -1.190
 -1.185
 -1.195
 -1.170
 -1.160
 -1.155
 -1.145
 -1.125
 -1.120
 -1.130
 -1.135
 -1.130
 -1.170
 -1.160
 -1.130
 -1.130
 -1.130
 -1.135
 -1.110
 -1.090
 -1.090
 -1.115
 -1.100
 -1.070
 -1.060
 -1.080
 -1.095
 -1.085
 -1.065
 -1.075
 -1.085
 -1.080
 -1.075
 -1.045
 -1.080
 -1.090
 -1.105
 -1.135
 -1.120
 -1.085
 -1.085
 -1.100
 -1.105
 -1.125
 -1.170
 -1.175
 -1.175
 -1.150
 -1.170
 -1.125
 -1.125
 -1.130
 -1.130
 -1.105
 -1.110
 -1.095
 -1.060
 -1.060
 -1.030
 -0.970
 -0.945
 -0.920
 -0.915
 -0.935
 -0.965
 -0.975
 -0.975
 -0.960
 -0.965
 -0.975
 -1.015
 -1.040
 -1.070
 -1.075
 -1.070
 -1.115
 -1.140
 -1.170
 -1.170
 -1.215
 -1.220
 -1.260
 -1.275
 -1.275
 -1.255
 -1.245
 -1.235
 -1.225
 -1.240
 -1.225
 -1.205
 -1.190
 -1.175
 -1.175
 -1.190
 -1.265
 -1.355
 -1.425
 -1.480
 -1.520
 -1.495
 -1.500
 -1.505
 -1.560
 -1.655
 -1.780
 -1.900
 -1.955
 -1.895
 -1.760
 -1.575
 -1.360
 -1.120
 -0.950
 -0.780
 -0.665
 -0.690
 -0.830
 -1.000
 -1.145
 -1.235
 -1.230
 -1.230
 -1.215
 -1.220
 -1.225
 -1.245
 -1.240
 -1.225
 -1.205
 -1.215
 -1.210
 -1.220
 -1.235
 -1.215
 -1.220
 -1.215
 -1.210
 -1.195
 -1.185
 -1.145
 -1.155
 -1.165
 -1.185
 -1.155
 -1.160
 -1.145
 -1.130
 -1.125
 -1.120
 -1.125
 -1.110
 -1.100
 -1.100
 -1.085
 -1.070
 -1.075
 -1.075
 -1.065
 -1.055
 -1.070
 -1.105
 -1.100
 -1.080
 -1.085
 -1.080
 -1.085
 -1.055
 -1.055
 -1.045
 -1.045
 -1.055
 -1.070
 -1.085
 -1.100
 -1.125
 -1.125
 -1.155
 -1.160
 -1.160
 -1.145
 -1.140
 -1.130
 -1.115
 -1.125
 -1.140
 -1.115
 -1.140
 -1.145
 -1.160
 -1.160
 -1.150
 -1.155
 -1.155
 -1.145
 -1.125
 -1.090
 -1.070
 -1.060
 -1.055
 -1.030
 -1.030
 -1.000
 -0.985
 -0.965
 -0.940
 -0.930
 -0.910
 -0.905
 -0.910
 -0.890
 -0.935
 -0.960
 -1.000
 -1.020
 -1.010
 -1.070
 -1.075
 -1.100
 -1.125
 -1.160
 -1.145
 -1.160
 -1.170
 -1.185
 -1.215
 -1.225
 -1.215
 -1.215
 -1.225
 -1.230
 -1.245
 -1.230
 -1.225
 -1.225
 -1.190
 -1.215
 -1.210
 -1.245
 -1.285
 -1.320
 -1.335
 -1.370
 -1.385
 -1.400
 -1.370
 -1.405
 -1.490
 -1.615
 -1.730
 -1.870
 -1.895
 -1.820
 -1.710
 -1.555
 -1.375
 -1.215
 -1.075
 -0.955
 -0.915
 -0.965
 -1.045
 -1.150
 -1.215
 -1.210
 -1.210
 -1.195
 -1.200
 -1.215
 -1.190
 -1.200
 -1.195
 -1.195
 -1.200
 -1.180
 -1.160
 -1.180
 -1.170
 -1.160
 -1.145
 -1.140
 -1.120
 -1.135
 -1.120
 -1.135
 -1.130
 -1.135
 -1.135
 -1.115
 -1.105
 -1.100
 -1.090
 -1.075
 -1.075
 -1.075
 -1.060
 -1.050
 -1.065
 -1.070
 -1.070
 -1.090
 -1.070
 -1.070
 -1.055
 -1.060
 -1.045
 -1.040
 -1.025
 -1.020
 -1.020
 -1.015
 -1.020
 -1.020
 -1.025
 -1.030
 -1.045
 -1.045
 -1.060
 -1.055
 -1.040
 -1.070
 -1.080
 -1.075
 -1.095
 -1.090
 -1.100
 -1.105
 -1.115
 -1.120
 -1.115
 -1.115
 -1.110
 -1.130
 -1.105
 -1.135
 -1.135
 -1.125
 -1.110
 -1.110
 -1.080
 -1.070
 -1.075
 -1.060
 -1.030
 -1.020
 -0.985
 -0.970
 -0.920
 -0.915
 -0.880
 -0.880
 -0.880
 -0.890
 -0.920
 -0.940
 -0.955
 -0.980
 -1.015
 -1.030
 -1.045
 -1.065
 -1.075
 -1.095
 -1.135
 -1.145
 -1.170
 -1.195
 -1.195
 -1.220
 -1.225
 -1.225
 -1.235
 -1.225
 -1.215
 -1.205
 -1.200
 -1.170
 -1.175
 -1.170
 -1.190
 -1.220
 -1.240
 -1.285
 -1.290
 -1.330
 -1.370
 -1.355
 -1.385
 -1.365
 -1.380
 -1.410
 -1.470
 -1.595
 -1.745
 -1.835
 -1.860
 -1.790
 -1.640
 -1.440
 -1.225
 -1.040
 -0.875
 -0.740
 -0.685
 -0.715
 -0.830
 -0.985
 -1.115
 -1.175
 -1.185
 -1.195
 -1.215
 -1.235
 -1.230
 -1.220
 -1.200
 -1.180
 -1.190
 -1.180
 -1.185
 -1.210
 -1.200
 -1.235
 -1.220
 -1.230
 -1.210
 -1.185
 -1.165
 -1.165
 -1.160
 -1.165
 -1.155
 -1.155
 -1.150
 -1.125
 -1.145
 -1.140
 -1.155
 -1.130
 -1.155
 -1.155
 -1.105
 -1.075
 -1.080
 -1.065
 -1.050
 -1.045
 -1.045
 -1.055
 -1.020
 -1.020
 -1.020
 -1.015
 -1.030
 -1.060
 -1.065
 -1.090
 -1.100
 -1.080
 -1.055
 -1.065
 -1.065
 -1.075
 -1.085
 -1.080
 -1.105
 -1.135
 -1.120
 -1.120
 -1.110
 -1.095
 -1.105
 -1.105
 -1.095
 -1.115
 -1.085
 -1.100
 -1.115
 -1.135
 -1.125
 -1.120
 -1.095
 -1.105
 -1.085
 -1.085
 -1.065
 -1.050
 -1.035
 -1.005
 -0.970
 -0.950
 -0.930
 -0.915
 -0.930
 -0.950
 -0.945
 -0.900
 -0.910
 -0.895
 -0.915
 -0.960
 -0.980
 -1.035
 -1.040
 -1.020
 -1.065
 -1.080
 -1.135
 -1.160
 -1.170
 -1.185
 -1.175
 -1.210
 -1.195
 -1.180
 -1.175
 -1.185
 -1.200
 -1.210
 -1.250
 -1.235
 -1.220
 -1.230
 -1.220
 -1.210
 -1.220
 -1.260
 -1.290
 -1.340
 -1.360
 -1.400
 -1.405
 -1.420
 -1.440
 -1.530
 -1.615
 -1.720
 -1.805
 -1.820
 -1.725
 -1.600
 -1.400
 -1.170
 -0.935
 -0.740
 -0.555
 -0.445
 -0.510
 -0.685
 -0.895
 -1.060
 -1.150
 -1.170
 -1.170
 -1.200
 -1.200
 -1.190
 -1.230
 -1.225
 -1.190
 -1.195
 -1.185
 -1.170
 -1.175
 -1.185
 -1.195
 -1.160
 -1.175
 -1.165
 -1.150
 -1.165
 -1.160
 -1.175
 -1.170
 -1.160
 -1.155
 -1.155
 -1.130
 -1.105
 -1.105
 -1.095
 -1.095
 -1.085
 -1.065
 -1.045
 -1.050
 -1.055
 -1.070
 -1.085
 -1.090
 -1.080
 -1.070
 -1.060
 -1.040
 -1.075
 -1.070
 -1.075
 -1.085
 -1.090
 -1.080
 -1.070
 -1.080
 -1.080
 -1.075
 -1.085
 -1.115
 -1.100
 -1.100
 -1.100
 -1.095
 -1.115
 -1.100
 -1.120
 -1.140
 -1.140
 -1.135
 -1.135
 -1.110
 -1.115
 -1.110
 -1.115
 -1.105
 -1.125
 -1.110
 -1.110
 -1.090
 -1.090
 -1.090
 -1.045
 -1.040
 -1.025
 -1.025
 -1.000
 -0.980
 -0.920
 -0.865
 -0.850
 -0.855
 -0.850
 -0.925
 -0.935
 -0.945
 -0.945
 -0.955
 -1.020
 -1.035
 -1.065
 -1.065
 -1.065
 -1.080
 -1.110
 -1.130
 -1.155
 -1.180
 -1.205
 -1.205
 -1.245
 -1.240
 -1.235
 -1.240
 -1.240
 -1.215
 -1.180
 -1.190
 -1.215
 -1.215
 -1.230
 -1.225
 -1.255
 -1.325
 -1.365
 -1.395
 -1.420
 -1.410
 -1.415
 -1.425
 -1.465
 -1.530
 -1.695
 -1.785
 -1.860
 -1.835
 -1.755
 -1.565
 -1.370
 -1.145
 -0.955
 -0.810
 -0.655
 -0.625
 -0.720
 -0.885
 -1.035
 -1.150
 -1.190
 -1.200
 -1.205
 -1.230
 -1.230
 -1.225
 -1.200
 -1.190
 -1.160
 -1.160
 -1.145
 -1.155
 -1.180
 -1.200
 -1.190
 -1.190
 -1.180
 -1.170
 -1.155
 -1.155
 -1.145
 -1.130
 -1.135
 -1.145
 -1.120
 -1.120
 -1.140
 -1.130
 -1.125
 -1.125
 -1.120
 -1.105
 -1.095
 -1.095
 -1.075
 -1.065
 -1.070
 -1.060
 -1.075
 -1.060
 -1.055
 -1.065
 -1.045
 -1.050
 -1.025
 -1.035
 -1.030
 -1.015
 -0.995
 -0.995
 -0.990
 -0.985
 -1.000
 -1.025
 -1.025
 -1.065
 -1.065
 -1.070
 -1.065
 -1.085
 -1.100
 -1.120
 -1.120
 -1.140
 -1.130
 -1.100
 -1.110
 -1.095
 -1.090
 -1.125
 -1.150
 -1.120
 -1.145
 -1.125
 -1.135
 -1.120
 -1.090
 -1.085
 -1.065
 -1.040
 -1.030
 -1.020
 -1.005
 -0.985
 -0.960
 -0.925
 -0.915
 -0.905
 -0.890
 -0.875
 -0.895
 -0.910
 -0.940
 -0.980
 -1.025
 -1.050
 -1.055
 -1.080
 -1.100
 -1.130
 -1.155
 -1.150
 -1.155
 -1.175
 -1.170
 -1.170
 -1.155
 -1.185
 -1.180
 -1.200
 -1.215
 -1.185
 -1.180
 -1.170
 -1.190
 -1.180
 -1.165
 -1.160
 -1.215
 -1.295
 -1.360
 -1.380
 -1.390
 -1.390
 -1.385
 -1.390
 -1.455
 -1.575
 -1.740
 -1.875
 -1.935
 -1.880
 -1.730
 -1.555
 -1.375
 -1.205
 -1.065
 -0.925
 -0.845
 -0.865
 -0.990
 -1.135
 -1.220
 -1.205
 -1.205
 -1.195
 -1.200
 -1.175
 -1.195
 -1.190
 -1.195
 -1.220
 -1.230
 -1.220
 -1.200
 -1.175
 -1.185
 -1.175
 -1.145
 -1.145
 -1.160
 -1.150
 -1.155
 -1.160
 -1.135
 -1.105
 -1.085
 -1.090
 -1.100
 -1.100
 -1.095
 -1.075
 -1.045
 -1.040
 -1.030
 -1.025
 -1.070
 -1.080
 -1.105
 -1.085
 -1.095
 -1.080
 -1.080
 -1.095
 -1.055
 -1.025
 -1.010
 -1.020
 -1.045
 -1.065
 -1.035
 -1.065
 -1.055
 -1.075
 -1.085
 -1.110
 -1.100
 -1.100
 -1.115
 -1.115
 -1.105
 -1.100
 -1.115
 -1.120
 -1.120
 -1.135
 -1.145
 -1.165
 -1.185
 -1.155
 -1.140
 -1.140
 -1.145
 -1.145
 -1.135
 -1.115
 -1.095
 -1.105
 -1.110
 -1.120
 -1.140
 -1.145
 -1.145
 -1.100
 -1.075
 -1.025
 -0.995
 -0.965
 -0.950
 -0.945
 -0.945
 -0.955
 -0.970
 -1.005
 -1.015
 -1.060
 -1.075
 -1.100
 -1.120
 -1.135
 -1.145
 -1.125
 -1.160
 -1.205
 -1.225
 -1.225
 -1.250
 -1.255
 -1.260
 -1.270
 -1.270
 -1.250
 -1.240
 -1.230
 -1.200
 -1.195
 -1.195
 -1.210
 -1.210
 -1.235
 -1.275
 -1.305
 -1.330
 -1.365
 -1.415
 -1.420
 -1.415
 -1.415
 -1.420
 -1.425
 -1.495
 -1.600
 -1.755
 -1.845
 -1.905
 -1.865
 -1.740
 -1.570
 -1.380
 -1.190
 -1.040
 -0.875
 -0.770
 -0.775
 -0.880
 -1.020
 -1.140
 -1.215
 -1.240
 -1.240
 -1.265
 -1.265
 -1.255
 -1.235
 -1.240
 -1.225
 -1.220
 -1.230
 -1.215
 -1.220
 -1.200
 -1.200
 -1.200
 -1.215
 -1.240
 -1.240
 -1.240
 -1.215
 -1.200
 -1.190
 -1.195
 -1.160
 -1.150
 -1.145
 -1.135
 -1.135
 -1.140
 -1.150
 -1.160
 -1.160
 -1.130
 -1.100
 -1.100
 -1.100
 -1.115
 -1.110
 -1.120
 -1.100
 -1.085
 -1.095
 -1.090
 -1.090
 -1.090
 -1.080
 -1.075
 -1.070
 -1.060
 -1.035
 -1.035
 -1.015
 -1.015
 -1.015
 -1.075
 -1.105
 -1.110
 -1.115
 -1.105
 -1.105
 -1.095
 -1.095
 -1.090
 -1.090
 -1.100
 -1.110
 -1.110
 -1.115
 -1.105
 -1.105
 -1.100
 -1.115
 -1.120
 -1.155
 -1.130
 -1.120
 -1.110
 -1.075
 -1.045
 -1.010
 -1.005
 -0.980
 -0.990
 -0.935
 -0.925
 -0.900
 -0.890
 -0.870
 -0.870
 -0.860
 -0.910
 -0.930
 -0.945
 -0.945
 -0.960
 -1.015
 -1.110
 -1.160
 -1.200
 -1.220
 -1.215
 -1.195
 -1.225
 -1.215
 -1.210
 -1.220
 -1.230
 -1.215
 -1.215
 -1.225
 -1.225
 -1.225
 -1.240
 -1.235
 -1.230
 -1.240
 -1.265
 -1.270
 -1.300
 -1.330
 -1.365
 -1.400
 -1.395
 -1.425
 -1.435
 -1.460
 -1.535
 -1.655
 -1.785
 -1.840
 -1.835
 -1.755
 -1.600
 -1.435
 -1.195
 -0.985
 -0.820
 -0.660
 -0.575
 -0.640
 -0.800
 -0.970
 -1.090
 -1.145
 -1.140
 -1.125
 -1.135
 -1.110
 -1.140
 -1.160
 -1.170
 -1.220
 -1.230
 -1.250
 -1.260
 -1.275
 -1.265
 -1.250
 -1.240
 -1.235
 -1.210
 -1.225
 -1.225
 -1.210
 -1.210
 -1.195
 -1.195
 -1.195
 -1.190
 -1.185
 -1.160
 -1.155
 -1.140
 -1.130
 -1.135
 -1.115
 -1.120
 -1.100
 -1.115
 -1.120
 -1.150
 -1.155
 -1.125
 -1.125
 -1.120
 -1.085
 -1.095
 -1.080
 -1.100
 -1.100
 -1.105
 -1.105
 -1.095
 -1.110
 -1.100
 -1.105
 -1.105
 -1.100
 -1.100
 -1.095
 -1.075
 -1.090
 -1.105
 -1.115
 -1.125
 -1.160
 -1.180
 -1.175
 -1.145
 -1.095
 -1.090
 -1.095
 -1.125
 -1.150
 -1.165
 -1.170
 -1.145
 -1.150
 -1.140
 -1.125
 -1.090
 -1.100
 -1.090
 -1.085
 -1.040
 -1.000
 -0.940
 -0.915
 -0.910
 -0.945
 -0.965
 -0.985
 -0.995
 -1.000
 -1.035
 -1.075
 -1.105
 -1.130
 -1.145
 -1.140
 -1.140
 -1.160
 -1.200
 -1.225
 -1.225
 -1.230
 -1.275
 -1.285
 -1.280
 -1.290
 -1.280
 -1.275
 -1.280
 -1.275
 -1.235
 -1.230
 -1.225
 -1.240
 -1.275
 -1.295
 -1.330
 -1.370
 -1.405
 -1.415
 -1.450
 -1.470
 -1.485
 -1.480
 -1.510
 -1.610
 -1.725
 -1.845
 -1.935
 -1.935
 -1.855
 -1.705
 -1.495
 -1.265
 -1.055
 -0.860
 -0.690
 -0.660
 -0.780
 -0.960
 -1.125
 -1.210
 -1.235
 -1.205
 -1.215
 -1.230
 -1.255
 -1.265
 -1.275
 -1.230
 -1.195
 -1.195
 -1.190
 -1.180
 -1.165
 -1.195
 -1.230
 -1.210
 -1.170
 -1.160
 -1.185
 -1.260
 -1.245
 -1.245
 -1.180
 -1.150
 -1.140
 -1.175
 -1.205
 -1.190
 -1.185
 -1.160
 -1.130
 -1.115
 -1.120
 -1.120
 -1.120
 -1.105
 -1.100
 -1.115
 -1.100
 -1.085
 -1.070
 -1.080
 -1.050
 -1.045
 -1.030
 -1.030
 -1.020
 -1.025
 -1.025
 -1.045
 -1.040
 -1.060
 -1.100
 -1.095
 -1.110
 -1.110
 -1.110
 -1.130
 -1.130
 -1.140
 -1.140
 -1.110
 -1.100
 -1.135
 -1.140
 -1.110
 -1.095
 -1.080
 -1.070
 -1.075
 -1.080
 -1.090
 -1.095
 -1.125
 -1.120
 -1.110
 -1.085
 -1.060
 -1.045
 -1.010
 -0.995
 -0.975
 -0.960
 -0.945
 -0.930
 -0.930
 -0.925
 -0.935
 -0.920
 -0.910
 -0.935
 -0.960
 -0.975
 -1.020
 -1.055
 -1.055
 -1.100
 -1.150
 -1.160
 -1.185
 -1.195
 -1.180
 -1.205
 -1.175
 -1.190
 -1.215
 -1.230
 -1.240
 -1.255
 -1.250
 -1.220
 -1.240
 -1.240
 -1.225
 -1.220
 -1.220
 -1.230
 -1.235
 -1.280
 -1.350
 -1.365
 -1.395
 -1.400
 -1.435
 -1.425
 -1.425
 -1.500
 -1.645
 -1.795
 -1.910
 -1.910
 -1.825
 -1.680
 -1.520
 -1.345
 -1.195
 -1.060
 -0.945
 -0.915
 -0.965
 -1.075
 -1.175
 -1.245
 -1.250
 -1.210
 -1.175
 -1.190
 -1.215
 -1.235
 -1.225
 -1.215
 -1.225
 -1.230
 -1.210
 -1.185
 -1.190
 -1.195
 -1.175
 -1.150
 -1.130
 -1.135
 -1.155
 -1.170
 -1.165
 -1.175
 -1.145
 -1.130
 -1.125
 -1.095
 -1.095
 -1.110
 -1.100
 -1.110
 -1.095
 -1.070
 -1.070
 -1.065
 -1.075
 -1.035
 -0.980
 -0.980
 -1.005
 -1.080
 -1.090
 -1.080
 -1.010
 -0.990
 -0.980
 -1.010
 -1.075
 -1.115
 -1.120
 -1.120
 -1.160
 -1.160
 -1.160
 -1.165
 -1.155
 -1.155
 -1.150
 -1.140
 -1.140
 -1.125
 -1.145
 -1.150
 -1.170
 -1.170
 -1.160
 -1.170
 -1.180
 -1.165
 -1.155
 -1.140
 -1.145
 -1.140
 -1.130
 -1.140
 -1.115
 -1.130
 -1.105
 -1.090
 -1.040
 -1.055
 -1.040
 -1.040
 -1.010
 -1.005
 -0.970
 -0.915
 -0.905
 -0.875
 -0.910
 -0.930
 -0.970
 -1.020
 -1.060
 -1.100
 -1.110
 -1.130
 -1.150
 -1.150
 -1.175
 -1.180
 -1.215
 -1.230
 -1.260
 -1.255
 -1.255
 -1.250
 -1.240
 -1.245
 -1.220
 -1.220
 -1.215
 -1.185
 -1.210
 -1.215
 -1.210
 -1.200
 -1.210
 -1.240
 -1.260
 -1.305
 -1.320
 -1.360
 -1.370
 -1.375
 -1.360
 -1.360
 -1.405
 -1.495
 -1.625
 -1.760
 -1.865
 -1.845
 -1.730
 -1.580
 -1.400
 -1.190
 -1.030
 -0.890
 -0.770
 -0.705
 -0.770
 -0.925
 -1.040
 -1.160
 -1.185
 -1.150
 -1.130
 -1.085
 -1.070
 -1.060
 -1.070
 -1.080
 -1.120
 -1.150
 -1.135
 -1.145
 -1.160
 -1.225
 -1.255
 -1.260
 -1.250
 -1.200
 -1.160
 -1.125
 -1.125
 -1.110
 -1.120
 -1.120
 -1.135
 -1.130
 -1.125
 -1.115
 -1.105
 -1.125
 -1.115
 -1.100
 -1.095
 -1.090
 -1.060
 -1.065
 -1.050
 -1.050
 -1.070
 -1.055
 -1.055
 -1.060
 -1.055
 -1.040
 -1.000
 -0.995
 -1.005
 -1.030
 -1.045
 -1.040
 -1.045
 -1.035
 -1.040
 -1.050
 -1.055
 -1.080
 -1.115
 -1.105
 -1.090
 -1.095
 -1.095
 -1.075
 -1.075
 -1.090
 -1.085
 -1.095
 -1.100
 -1.105
 -1.100
 -1.100
 -1.095
 -1.090
 -1.070
 -1.060
 -1.070
 -1.040
 -1.035
 -1.020
 -1.000
 -0.995
 -0.990
 -0.965
 -0.950
 -0.945
 -0.920
 -0.925
 -0.920
 -0.910
 -0.890
 -0.860
 -0.855
 -0.865
 -0.890
 -0.915
 -0.980
 -1.055
 -1.075
 -1.080
 -1.085
 -1.105
 -1.130
 -1.140
 -1.135
 -1.120
 -1.060
 -1.065
 -1.130
 -1.195
 -1.250
 -1.275
 -1.255
 -1.250
 -1.220
 -1.255
 -1.245
 -1.265
 -1.290
 -1.285
 -1.300
 -1.340
 -1.365
 -1.390
 -1.400
 -1.400
 -1.400
 -1.440
 -1.520
 -1.640
 -1.755
 -1.840
 -1.870
 -1.800
 -1.635
 -1.440
 -1.225
 -0.960
 -0.780
 -0.635
 -0.535
 -0.600
 -0.780
 -0.985
 -1.125
 -1.155
 -1.170
 -1.185
 -1.210
 -1.210
 -1.230
 -1.225
 -1.215
 -1.210
 -1.195
 -1.205
 -1.220
 -1.210
 -1.190
 -1.180
 -1.170
 -1.170
 -1.170
 -1.180
 -1.175
 -1.180
 -1.175
 -1.165
 -1.155
 -1.150
 -1.135
 -1.125
 -1.110
 -1.105
 -1.110
 -1.105
 -1.100
 -1.110
 -1.130
 -1.130
 -1.125
 -1.120
 -1.105
 -1.100
 -1.105
 -1.060
 -1.060
 -1.045
 -1.015
 -1.025
 -1.025
 -1.045
 -1.065
 -1.070
 -1.040
 -1.025
 -1.005
 -1.000
 -1.035
 -1.090
 -1.120
 -1.120
 -1.115
 -1.120
 -1.120
 -1.140
 -1.130
 -1.135
 -1.140
 -1.130
 -1.140
 -1.135
 -1.140
 -1.145
 -1.140
 -1.140
 -1.145
 -1.130
 -1.130
 -1.105
 -1.095
 -1.080
 -1.075
 -1.055
 -1.045
 -1.020
 -0.990
 -0.940
 -0.945
 -0.920
 -0.915
 -0.930
 -0.915
 -0.905
 -0.900
 -0.905
 -0.925
 -0.940
 -0.960
 -1.015
 -1.055
 -1.050
 -1.075
 -1.085
 -1.150
 -1.145
 -1.160
 -1.170
 -1.190
 -1.225
 -1.210
 -1.205
 -1.235
 -1.215
 -1.215
 -1.220
 -1.205
 -1.195
 -1.165
 -1.160
 -1.165
 -1.200
 -1.245
 -1.275
 -1.325
 -1.365
 -1.375
 -1.400
 -1.410
 -1.405
 -1.420
 -1.500
 -1.570
 -1.695
 -1.815
 -1.845
 -1.775
 -1.640
 -1.465
 -1.255
 -1.040
 -0.875
 -0.710
 -0.675
 -0.755
 -0.920
 -1.065
 -1.145
 -1.195
 -1.190
 -1.205
 -1.195
 -1.220
 -1.180
 -1.175
 -1.155
 -1.130
 -1.130
 -1.150
 -1.170
 -1.205
 -1.190
 -1.180
 -1.180
 -1.175
 -1.180
 -1.185
 -1.145
 -1.125
 -1.100
 -1.100
 -1.105
 -1.105
 -1.105
 -1.090
 -1.100
 -1.075
 -1.055
 -1.080
 -1.070
 -1.055
 -1.025
 -1.030
 -1.035
 -1.050
 -1.050
 -1.040
 -1.035
 -1.025
 -1.055
 -1.020
 -1.030
 -1.025
 -1.005
 -1.010
 -1.010
 -1.025
 -1.025
 -1.030
 -1.030
 -1.025
 -1.040
 -1.065
 -1.090
 -1.085
 -1.095
 -1.055
 -1.065
 -1.075
 -1.100
 -1.105
 -1.115
 -1.100
 -1.120
 -1.090
 -1.060
 -1.060
 -1.075
 -1.120
 -1.130
 -1.105
 -1.100
 -1.110
 -1.090
 -1.055
 -1.040
 -1.010
 -1.020
 -1.000
 -0.975
 -0.945
 -0.910
 -0.895
 -0.880
 -0.845
 -0.870
 -0.910
 -0.945
 -0.935
 -0.920
 -0.940
 -0.980
 -1.020
 -1.055
 -1.085
 -1.105
 -1.120
 -1.105
 -1.125
 -1.150
 -1.160
 -1.165
 -1.175
 -1.190
 -1.210
 -1.225
 -1.210
 -1.220
 -1.210
 -1.220
 -1.205
 -1.190
 -1.205
 -1.205
 -1.200
 -1.220
 -1.260
 -1.280
 -1.305
 -1.325
 -1.355
 -1.375
 -1.390
 -1.370
 -1.410
 -1.500
 -1.675
 -1.845
 -1.920
 -1.920
 -1.810
 -1.650
 -1.500
 -1.355
 -1.200
 -1.055
 -0.950
 -0.905
 -1.010
 -1.120
 -1.210
 -1.235
 -1.205
 -1.195
 -1.185
 -1.185
 -1.180
 -1.175
 -1.185
 -1.180
 -1.145
 -1.130
 -1.145
 -1.130
 -1.150
 -1.155
 -1.160
 -1.130
 -1.115
 -1.140
 -1.145
 -1.115
 -1.100
 -1.080
 -1.070
 -1.065
 -1.035
 -1.035
 -1.015
 -0.980
 -0.970
 -0.980
 -1.000
 -1.040
 -1.080
 -1.110
 -1.110
 -1.100
 -1.090
 -1.100
 -1.085
 -1.090
 -1.060
 -1.050
 -1.045
 -1.000
 -1.005
 -1.005
 -1.035
 -1.025
 -1.040
 -1.025
 -1.045
 -1.045
 -1.055
 -1.040
 -1.055
 -1.070
 -1.080
 -1.060
 -1.070
 -1.080
 -1.105
 -1.095
 -1.085
 -1.100
 -1.105
 -1.095
 -1.090
 -1.055
 -1.035
 -1.020
 -1.040
 -1.050
 -1.080
 -1.090
 -1.110
 -1.115
 -1.125
 -1.090
 -1.090
 -1.060
 -1.035
 -0.995
 -0.960
 -0.930
 -0.930
 -0.935
 -0.915
 -0.915
 -0.910
 -0.895
 -0.890
 -0.895
 -0.925
 -0.975
 -1.015
 -1.035
 -1.050
 -1.075
 -1.105
 -1.115
 -1.140
 -1.155
 -1.165
 -1.190
 -1.205
 -1.205
 -1.190
 -1.170
 -1.155
 -1.140
 -1.145
 -1.160
 -1.200
 -1.215
 -1.210
 -1.225
 -1.220
 -1.220
 -1.280
 -1.285
 -1.320
 -1.330
 -1.355
 -1.340
 -1.355
 -1.380
 -1.470
 -1.620
 -1.740
 -1.830
 -1.820
 -1.720
 -1.530
 -1.315
 -1.100
 -0.925
 -0.775
 -0.630
 -0.580
 -0.665
 -0.855
 -1.025
 -1.140
 -1.160
 -1.155
 -1.155
 -1.185
 -1.185
 -1.215
 -1.185
 -1.170
 -1.160
 -1.170
 -1.170
 -1.155
 -1.140
 -1.170
 -1.170
 -1.155
 -1.150
 -1.160
 -1.140
 -1.120
 -1.115
 -1.105
 -1.125
 -1.110
 -1.105
 -1.135
 -1.135
 -1.110
 -1.105
 -1.110
 -1.130
 -1.110
 -1.105
 -1.110
 -1.100
 -1.080
 -1.055
 -1.060
 -1.020
 -1.025
 -1.050
 -1.060
 -1.055
 -1.040
 -1.015
 -1.020
 -1.045
 -1.065
 -1.055
 -1.050
 -1.035
 -1.015
 -1.010
 -0.980
 -0.970
 -0.985
 -1.035
 -1.110
 -1.155
 -1.160
 -1.135
 -1.100
 -1.055
 -1.050
 -1.080
 -1.080
 -1.095
 -1.095
 -1.100
 -1.115
 -1.140
 -1.160
 -1.150
 -1.160
 -1.110
 -1.060
 -1.035
 -1.020
 -1.015
 -1.025
 -0.995
 -0.975
 -0.940
 -0.940
 -0.930
 -0.910
 -0.895
 -0.895
 -0.880
 -0.890
 -0.885
 -0.910
 -0.900
 -0.980
 -0.970
 -0.950
 -0.990
 -1.030
 -1.085
 -1.145
 -1.200
 -1.200
 -1.205
 -1.185
 -1.180
 -1.155
 -1.150
 -1.135
 -1.165
 -1.180
 -1.160
 -1.160
 -1.165
 -1.140
 -1.115
 -1.095
 -1.140
 -1.205
 -1.275
 -1.335
 -1.375
 -1.400
 -1.390
 -1.405
 -1.415
 -1.435
 -1.530
 -1.620
 -1.725
 -1.795
 -1.830
 -1.740
 -1.550
 -1.320
 -1.075
 -0.840
 -0.670
 -0.500
 -0.400
 -0.435
 -0.635
 -0.870
 -1.035
 -1.120
 -1.120
 -1.125
 -1.135
 -1.120
 -1.130
 -1.145
 -1.135
 -1.125
 -1.115
 -1.130
 -1.120
 -1.140
 -1.145
 -1.130
 -1.140
 -1.135
 -1.130
 -1.140
 -1.115
 -1.140
 -1.170
 -1.140
 -1.135
 -1.140
 -1.100
 -1.100
 -1.090
 -1.075
 -1.060
 -1.050
 -1.035
 -1.005
 -1.000
 -1.000
 -0.970
 -0.950
 -0.955
 -0.965
 -1.000
 -1.020
 -1.060
 -1.045
 -1.035
 -1.040
 -1.050
 -1.045
 -1.050
 -1.025
 -1.015
 -0.995
 -1.025
 -1.030
 -1.030
 -1.030
 -1.050
 -1.035
 -1.045
 -1.030
 -1.035
 -1.045
 -1.070
 -1.060
 -1.070
 -1.075
 -1.055
 -1.050
 -1.075
 -1.075
 -1.055
 -1.055
 -1.040
 -1.025
 -1.015
 -1.015
 -1.020
 -1.040
 -1.010
 -1.010
 -1.000
 -0.955
 -0.960
 -0.920
 -0.900
 -0.940
 -0.965
 -1.025
 -1.055
 -1.075
 -1.100
 -1.120
 -1.100
 -1.120
 -1.170
 -1.245
 -1.350
 -1.425
 -1.565
 -1.805
 -2.165
 -2.430
 -2.565
 -2.610
 -2.660
 -2.720
 -2.775
 -2.800
 -2.765
 -2.735
 -2.650
 -2.520
 -2.400
 -2.230
 -2.050
 -1.920
 -1.820
 -1.685
 -1.505
 -1.305
 -1.135
 -0.985
 -0.905
 -0.855
 -0.835
 -0.790
 -0.740
 -0.715
 -0.665
 -0.685
 -0.715
 -0.725
 -0.735
 -0.745
 -0.730
 -0.710
 -0.650
 -0.610
 -0.560
 -0.535
 -0.500
 -0.455
 -0.445
 -0.410
 -0.415
 -0.385
 -0.385
 -0.375
 -0.375
 -0.365
 -0.340
 -0.360
 -0.385
 -0.385
 -0.410
 -0.435
 -0.460
 -0.495
 -0.530
 -0.560
 -0.585
 -0.635
 -0.690
 -0.735
 -0.765
 -0.780
 -0.820
 -0.870
 -0.900
 -0.935
 -0.940
 -0.970
 -0.975
 -1.000
 -1.015
 -1.030
 -1.035
 -1.050
 -1.040
 -1.055
 -1.025
 -1.025
 -1.015
 -1.035
 -1.030
 -1.030
 -1.050
 -1.045
 -1.045
 -1.040
 -1.035
 -1.050
 -1.065
 -1.040
 -1.030
 -1.010
 -1.005
 -1.050
 -1.070
 -1.070
 -1.060
 -1.045
 -1.055
 -1.060
 -1.085
 -1.080
 -1.040
 -0.965
 -0.985
 -1.060
 -1.105
 -1.135
 -1.140
 -1.130
 -1.135
 -1.125
 -1.125
 -1.100
 -1.090
 -1.070
 -1.060
 -1.070
 -1.040
 -1.015
 -0.985
 -0.925
 -0.920
 -0.910
 -0.900
 -0.930
 -0.945
 -0.945
 -0.950
 -0.975
 -0.970
 -0.990
 -1.000
 -1.020
 -1.050
 -1.080
 -1.100
 -1.120
 -1.145
 -1.160
 -1.180
 -1.175
 -1.200
 -1.195
 -1.200
 -1.205
 -1.205
 -1.210
 -1.210
 -1.215
 -1.225
 -1.220
 -1.230
 -1.260
 -1.255
 -1.245
 -1.255
 -1.285
 -1.310
 -1.345
 -1.355
 -1.345
 -1.335
 -1.295
 -1.355
 -1.465
 -1.620
 -1.780
 -1.910
 -1.945
 -1.855
 -1.680
 -1.525
 -1.340
 -1.205
 -1.050
 -0.935
 -0.865
 -0.895
 -1.025
 -1.120
 -1.175
 -1.160
 -1.120
 -1.095
 -1.105
 -1.105
 -1.140
 -1.175
 -1.205
 -1.210
 -1.230
 -1.215
 -1.190
 -1.175
 -1.155
 -1.145
 -1.110
 -1.095
 -1.110
 -1.085
 -1.100
 -1.080
 -1.075
 -1.090
 -1.120
 -1.105
 -1.115
 -1.100
 -1.105
 -1.090
 -1.090
 -1.075
 -1.060
 -1.075
 -1.070
 -1.045
 -1.070
 -1.085
 -1.060
 -1.055
 -1.040
 -1.055
 -1.045
 -1.070
 -1.050
 -1.030
 -1.040
 -1.030
 -1.025
 -1.035
 -1.015
 -1.020
 -1.005
 -1.035
 -1.035
 -1.005
 -1.025
 -1.020
 -1.010
 -1.010
 -1.010
 -1.015
 -0.995
 -0.995
 -0.965
 -0.960
 -0.975
 -1.025
 -1.025
 -1.010
 -1.015
 -1.000
 -1.005
 -1.030
 -1.035
 -1.025
 -1.040
 -1.050
 -1.020
 -1.025
 -1.010
 -0.995
 -0.965
 -0.950
 -0.930
 -0.910
 -0.875
 -0.875
 -0.865
 -0.820
 -0.785
 -0.800
 -0.825
 -0.860
 -0.900
 -0.940
 -0.950
 -0.945
 -0.950
 -0.950
 -0.990
 -1.040
 -1.050
 -1.055
 -1.080
 -1.125
 -1.170
 -1.175
 -1.200
 -1.200
 -1.205
 -1.160
 -1.150
 -1.165
 -1.145
 -1.140
 -1.160
 -1.145
 -1.140
 -1.175
 -1.190
 -1.210
 -1.260
 -1.300
 -1.305
 -1.280
 -1.335
 -1.370
 -1.405
 -1.440
 -1.575
 -1.685
 -1.775
 -1.785
 -1.690
 -1.495
 -1.280
 -1.095
 -0.885
 -0.710
 -0.565
 -0.540
 -0.645
 -0.825
 -0.980
 -1.060
 -1.075
 -1.095
 -1.115
 -1.100
 -1.125
 -1.125
 -1.100
 -1.110
 -1.090
 -1.080
 -1.095
 -1.095
 -1.095
 -1.110
 -1.160
 -1.175
 -1.165
 -1.150
 -1.140
 -1.125
 -1.110
 -1.090
 -1.060
 -1.055
 -1.020
 -1.015
 -1.000
 -1.020
 -1.040
 -1.050
 -1.060
 -1.095
 -1.095
 -1.085
 -1.080
 -1.075
 -1.040
 -1.035
 -1.030
 -1.020
 -1.020
 -1.020
 -1.025
 -1.015
 -0.985
 -0.995
 -0.980
 -0.975
 -0.970
 -0.980
 -1.000
 -0.985
 -0.975
 -0.985
 -0.990
 -1.020
 -1.015
 -1.020
 -1.045
 -1.050
 -1.065
 -1.045
 -1.080
 -1.050
 -1.070
 -1.060
 -1.055
 -1.040
 -1.080
 -1.070
 -1.075
 -1.070
 -1.055
 -1.060
 -1.055
 -1.050
 -1.025
 -0.990
 -0.970
 -0.965
 -0.960
 -0.915
 -0.860
 -0.860
 -0.845
 -0.860
 -0.860
 -0.865
 -0.875
 -0.840
 -0.860
 -0.895
 -0.940
 -0.975
 -0.990
 -1.015
 -1.015
 -1.015
 -1.035
 -1.065
 -1.105
 -1.090
 -1.120
 -1.100
 -1.125
 -1.130
 -1.110
 -1.110
 -1.100
 -1.115
 -1.140
 -1.135
 -1.120
 -1.090
 -1.080
 -1.075
 -1.080
 -1.135
 -1.210
 -1.255
 -1.305
 -1.315
 -1.315
 -1.320
 -1.325
 -1.340
 -1.410
 -1.550
 -1.695
 -1.785
 -1.800
 -1.715
 -1.520
 -1.300
 -1.035
 -0.830
 -0.655
 -0.490
 -0.455
 -0.525
 -0.725
 -0.890
 -1.065
 -1.105
 -1.150
 -1.150
 -1.135
 -1.135
 -1.115
 -1.110
 -1.085
 -1.075
 -1.040
 -1.050
 -1.090
 -1.090
 -1.080
 -1.075
 -1.105
 -1.110
 -1.130
 -1.135
 -1.140
 -1.130
 -1.120
 -1.100
 -1.095
 -1.090
 -1.090
 -1.070
 -1.045
 -1.045
 -1.045
 -1.035
 -1.055
 -1.030
 -1.005
 -1.000
 -1.010
 -1.045
 -1.060
 -1.050
 -1.010
 -0.985
 -0.980
 -0.995
 -0.980
 -1.010
 -1.000
 -0.990
 -0.970
 -0.980
 -0.955
 -0.945
 -0.935
 -0.975
 -1.015
 -1.035
 -1.020
 -1.000
 -0.990
 -1.020
 -1.020
 -1.040
 -1.070
 -1.075
 -1.075
 -1.055
 -1.060
 -1.065
 -1.070
 -1.085
 -1.080
 -1.065
 -1.075
 -1.060
 -1.060
 -1.050
 -1.035
 -1.030
 -1.015
 -0.990
 -0.965
 -0.985
 -0.955
 -0.945
 -0.895
 -0.870
 -0.840
 -0.810
 -0.815
 -0.865
 -0.870
 -0.890
 -0.895
 -0.925
 -0.965
 -0.995
 -0.995
 -1.025
 -1.035
 -1.070
 -1.090
 -1.105
 -1.130
 -1.125
 -1.135
 -1.130
 -1.135
 -1.140
 -1.160
 -1.170
 -1.175
 -1.160
 -1.140
 -1.160
 -1.135
 -1.155
 -1.160
 -1.155
 -1.160
 -1.215
 -1.245
 -1.300
 -1.295
 -1.285
 -1.295
 -1.315
 -1.390
 -1.490
 -1.635
 -1.735
 -1.820
 -1.840
 -1.740
 -1.535
 -1.315
 -1.095
 -0.945
 -0.820
 -0.715
 -0.745
 -0.865
 -1.020
 -1.110
 -1.155
 -1.155
 -1.145
 -1.125
 -1.100
 -1.115
 -1.130
 -1.120
 -1.135
 -1.135
 -1.110
 -1.100
 -1.075
 -1.065
 -1.080
 -1.100
 -1.115
 -1.095
 -1.095
 -1.085
 -1.085
 -1.070
 -1.085
 -1.055
 -1.055
 -1.045
 -1.040
 -1.010
 -1.015
 -1.015
 -1.015
 -1.000
 -1.020
 -1.035
 -1.040
 -1.015
 -1.025
 -1.010
 -1.000
 -1.000
 -1.005
 -0.975
 -0.975
 -0.975
 -0.975
 -0.990
 -0.980
 -0.990
 -0.980
 -1.000
 -0.995
 -0.990
 -0.980
 -0.990
 -1.000
 -1.010
 -1.030
 -1.040
 -1.060
 -1.070
 -1.075
 -1.075
 -1.070
 -1.080
 -1.060
 -1.070
 -1.055
 -1.065
 -1.045
 -1.030
 -1.035
 -1.050
 -1.080
 -1.080
 -1.075
 -1.040
 -1.035
 -1.035
 -1.035
 -1.000
 -0.980
 -0.940
 -0.915
 -0.885
 -0.865
 -0.875
 -0.885
 -0.865
 -0.870
 -0.870
 -0.870
 -0.890
 -0.920
 -0.915
 -0.950
 -0.980
 -0.995
 -0.995
 -1.055
 -1.095
 -1.125
 -1.140
 -1.145
 -1.155
 -1.145
 -1.145
 -1.165
 -1.160
 -1.150
 -1.155
 -1.145
 -1.150
 -1.150
 -1.150
 -1.160
 -1.150
 -1.165
 -1.210
 -1.220
 -1.255
 -1.275
 -1.295
 -1.305
 -1.325
 -1.315
 -1.315
 -1.360
 -1.460
 -1.615
 -1.740
 -1.835
 -1.815
 -1.720
 -1.575
 -1.395
 -1.215
 -1.055
 -0.900
 -0.785
 -0.790
 -0.900
 -1.035
 -1.130
 -1.155
 -1.145
 -1.140
 -1.150
 -1.155
 -1.160
 -1.190
 -1.175
 -1.160
 -1.150
 -1.120
 -1.135
 -1.150
 -1.185
 -1.155
 -1.160
 -1.110
 -1.115
 -1.120
 -1.110
 -1.105
 -1.135
 -1.130
 -1.125
 -1.120
 -1.120
 -1.100
 -1.075
 -1.065
 -1.060
 -1.075
 -1.110
 -1.110
 -1.085
 -1.070
 -1.070
 -1.065
 -1.085
 -1.075
 -1.065
 -1.070
 -1.050
 -1.040
 -1.050
 -1.015
 -1.020
 -1.015
 -0.995
 -0.990
 -0.990
 -0.980
 -0.975
 -1.030
 -1.065
 -1.080
 -1.105
 -1.090
 -1.105
 -1.120
 -1.125
 -1.125
 -1.120
 -1.140
 -1.135
 -1.130
 -1.130
 -1.110
 -1.115
 -1.120
 -1.145
 -1.115
 -1.090
 -1.085
 -1.070
 -1.065
 -1.060
 -1.040
 -1.045
 -1.065
 -1.085
 -1.095
 -1.075
 -1.020
 -0.980
 -0.960
 -0.920
 -0.890
 -0.895
 -0.895
 -0.910
 -0.910
 -0.930
 -0.955
 -0.970
 -1.000
 -1.020
 -1.050
 -1.070
 -1.120
 -1.160
 -1.175
 -1.190
 -1.195
 -1.200
 -1.200
 -1.195
 -1.220
 -1.200
 -1.225
 -1.245
 -1.230
 -1.240
 -1.220
 -1.205
 -1.215
 -1.205
 -1.215
 -1.210
 -1.250
 -1.285
 -1.330
 -1.340
 -1.340
 -1.355
 -1.385
 -1.415
 -1.520
 -1.640
 -1.760
 -1.865
 -1.855
 -1.765
 -1.625
 -1.410
 -1.195
 -1.000
 -0.830
 -0.680
 -0.605
 -0.685
 -0.810
 -0.945
 -1.095
 -1.170
 -1.190
 -1.155
 -1.185
 -1.205
 -1.230
 -1.260
 -1.230
 -1.225
 -1.200