  2.855
  2.845
  2.840
  2.835
  2.825
  2.725
  2.480
  1.310
  0.320
  0.085
 -0.110
 -0.180
 -0.245
 -0.290
 -0.340
 -0.385
 -0.420
 -0.435
 -0.445
 -0.450
 -0.455
 -0.470
 -0.475
 -0.475
 -0.465
 -0.455
 -0.455
 -0.455
 -0.455
 -0.455
 -0.455
 -0.455
 -0.455
 -0.455
 -0.450
 -0.445
 -0.445
 -0.445
 -0.450
 -0.460
 -0.460
 -0.455
 -0.460
 -0.465
 -0.475
 -0.485
 -0.500
 -0.515
 -0.530
 -0.550
 -0.580
 -0.610
 -0.640
 -0.670
 -0.700
 -0.730
 -0.755
 -0.780
 -0.800
 -0.815
 -0.825
 -0.825
 -0.810
 -0.780
 -0.735
 -0.675
 -0.610
 -0.545
 -0.485
 -0.425
 -0.360
 -0.300
 -0.240
 -0.195
 -0.160
 -0.130
 -0.100
 -0.085
 -0.075
 -0.065
 -0.055
 -0.050
 -0.045
 -0.045
 -0.055
 -0.055
 -0.050
 -0.045
 -0.045
 -0.050
 -0.050
 -0.045
 -0.045
 -0.050
 -0.050
 -0.035
 -0.015
  0.005
  0.045
  0.105
  0.175
  0.250
  0.305
  0.335
  0.385
  0.460
  0.495
  0.495
  0.460
  0.405
  0.350
  0.300
  0.240
  0.180
  0.120
  0.055
  0.015
 -0.015
 -0.025
 -0.030
 -0.050
 -0.070
 -0.080
 -0.090
 -0.105
 -0.125
 -0.130
 -0.130
 -0.125
 -0.125
 -0.135
 -0.145
 -0.145
 -0.145
 -0.145
 -0.145
 -0.150
 -0.165
 -0.210
 -0.215
 -0.140
  0.040
  0.410
  0.870
  1.460
  2.015
  2.540
  2.800
  2.810
  2.805
  2.795
  2.710
  2.580
  1.780
  0.635
  0.125
 -0.105
 -0.205
 -0.260
 -0.310
 -0.355
 -0.395
 -0.440
 -0.465
 -0.490
 -0.495
 -0.500
 -0.510
 -0.515
 -0.515
 -0.515
 -0.515
 -0.510
 -0.500
 -0.490
 -0.485
 -0.480
 -0.475
 -0.475
 -0.475
 -0.470
 -0.465
 -0.460
 -0.455
 -0.455
 -0.455
 -0.455
 -0.460
 -0.465
 -0.465
 -0.465
 -0.465
 -0.470
 -0.485
 -0.505
 -0.525
 -0.545
 -0.560
 -0.580
 -0.605
 -0.635
 -0.660
 -0.685
 -0.710
 -0.720
 -0.730
 -0.730
 -0.725
 -0.695
 -0.660
 -0.610
 -0.560
 -0.495
 -0.435
 -0.380
 -0.325
 -0.285
 -0.245
 -0.210
 -0.175
 -0.155
 -0.140
 -0.135
 -0.135
 -0.135
 -0.135
 -0.140
 -0.145
 -0.145
 -0.145
 -0.145
 -0.140
 -0.135
 -0.135
 -0.140
 -0.135
 -0.125
 -0.115
 -0.105
 -0.100
 -0.095
 -0.090
 -0.085
 -0.070
 -0.055
 -0.055
 -0.055
 -0.050
 -0.045
 -0.045
 -0.045
 -0.035
 -0.035
 -0.035
 -0.035
 -0.040
 -0.045
 -0.045
 -0.045
 -0.045
 -0.045
 -0.050
 -0.055
 -0.055
 -0.055
 -0.065
 -0.070
 -0.065
 -0.055
 -0.040
 -0.025
  0.000
  0.010
  0.020
  0.030
  0.040
  0.085
  0.160
  0.225
  0.285
  0.305
  0.310
  0.350
  0.400
  0.360
  0.295
  0.245
  0.200
  0.140
  0.085
  0.040
  0.000
 -0.040
 -0.075
 -0.080
 -0.085
 -0.100
 -0.115
 -0.125
 -0.135
 -0.135
 -0.135
 -0.150
 -0.165
 -0.165
 -0.160
 -0.155
 -0.150
 -0.145
 -0.145
 -0.145
 -0.145
 -0.145
 -0.165
 -0.205
 -0.195
 -0.145
  0.095
  0.470
  0.945
  1.485
  2.010
  2.525
  2.710
  2.770
  2.775
  2.765
  2.760
  2.755
  1.850
  0.825
  0.340
 -0.090
 -0.165
 -0.235
 -0.280
 -0.325
 -0.370
 -0.415
 -0.440
 -0.465
 -0.470
 -0.475
 -0.480
 -0.485
 -0.490
 -0.495
 -0.495
 -0.490
 -0.485
 -0.485
 -0.485
 -0.480
 -0.475
 -0.470
 -0.465
 -0.465
 -0.465
 -0.465
 -0.470
 -0.475
 -0.475
 -0.475
 -0.480
 -0.485
 -0.485
 -0.485
 -0.490
 -0.500
 -0.510
 -0.530
 -0.550
 -0.565
 -0.580
 -0.610
 -0.645
 -0.670
 -0.695
 -0.720
 -0.745
 -0.765
 -0.785
 -0.795
 -0.800
 -0.770
 -0.740
 -0.695
 -0.645
 -0.585
 -0.520
 -0.455
 -0.390
 -0.335
 -0.280
 -0.230
 -0.185
 -0.150
 -0.120
 -0.095
 -0.075
 -0.065
 -0.060
 -0.055
 -0.045
 -0.035
 -0.035
 -0.035
 -0.035
 -0.035
 -0.035
 -0.035
 -0.035
 -0.035
 -0.035
 -0.040
 -0.040
 -0.035
 -0.035
 -0.030
 -0.020
 -0.015
 -0.015
 -0.010
  0.000
  0.005
  0.005
  0.005
  0.015
  0.030
  0.050
  0.070
  0.095
  0.115
  0.115
  0.135
  0.185
  0.245
  0.310
  0.350
  0.365
  0.390
  0.430
  0.450
  0.465
  0.420
  0.340
  0.285
  0.245
  0.180
  0.110
  0.055
  0.010
 -0.010
 -0.030
 -0.040
 -0.050
 -0.065
 -0.080
 -0.085
 -0.095
 -0.110
 -0.120
 -0.115
 -0.115
 -0.120
 -0.125
 -0.125
 -0.125
 -0.125
 -0.120
 -0.115
 -0.115
 -0.130
 -0.145
 -0.150
 -0.070
  0.140
  0.470
  0.945
  1.450
  1.975
  2.365
  2.640
  2.750
  2.745
  2.735
  2.725
  2.370
  1.850
  1.115
  0.305
  0.005
 -0.135
 -0.205
 -0.255
 -0.300
 -0.350
 -0.385
 -0.420
 -0.440
 -0.465
 -0.470
 -0.475
 -0.475
 -0.475
 -0.480
 -0.485
 -0.485
 -0.480
 -0.470
 -0.465
 -0.465
 -0.460
 -0.455
 -0.455
 -0.455
 -0.450
 -0.440
 -0.435
 -0.435
 -0.435
 -0.435
 -0.435
 -0.440
 -0.445
 -0.450
 -0.460
 -0.470
 -0.475
 -0.475
 -0.485
 -0.505
 -0.530
 -0.550
 -0.570
 -0.590
 -0.620
 -0.650
 -0.675
 -0.700
 -0.720
 -0.740
 -0.755
 -0.760
 -0.740
 -0.720
 -0.680
 -0.635
 -0.575
 -0.515
 -0.455
 -0.400
 -0.345
 -0.290
 -0.245
 -0.200
 -0.165
 -0.140
 -0.130
 -0.120
 -0.115
 -0.115
 -0.115
 -0.115
 -0.115
 -0.115
 -0.115
 -0.115
 -0.120
 -0.115
 -0.105
 -0.095
 -0.085
 -0.085
 -0.085
 -0.075
 -0.065
 -0.055
 -0.045
 -0.040
 -0.035
 -0.025
 -0.015
 -0.015
 -0.010
 -0.005
  0.000
  0.000
  0.000
 -0.005
 -0.010
 -0.005
 -0.005
 -0.010
 -0.010
  0.000
  0.010
  0.030
  0.050
  0.065
  0.075
  0.075
  0.095
  0.155
  0.220
  0.295
  0.335
  0.335
  0.365
  0.420
  0.420
  0.385
  0.330
  0.260
  0.210
  0.165
  0.110
  0.055
  0.010
 -0.025
 -0.040
 -0.050
 -0.060
 -0.070
 -0.085
 -0.105
 -0.110
 -0.115
 -0.125
 -0.135
 -0.135
 -0.135
 -0.140
 -0.140
 -0.130
 -0.120
 -0.115
 -0.115
 -0.125
 -0.145
 -0.180
 -0.150
 -0.005
  0.255
  0.685
  1.165
  1.700
  2.175
  2.590
  2.765
  2.755
  2.745
  2.730
  2.495
  2.145
  1.365
  0.405
  0.050
 -0.090
 -0.165
 -0.225
 -0.280
 -0.335
 -0.385
 -0.430
 -0.445
 -0.460
 -0.470
 -0.475
 -0.480
 -0.485
 -0.490
 -0.490
 -0.485
 -0.485
 -0.485
 -0.485
 -0.485
 -0.485
 -0.490
 -0.490
 -0.485
 -0.485
 -0.485
 -0.480
 -0.475
 -0.475
 -0.480
 -0.485
 -0.490
 -0.495
 -0.495
 -0.500
 -0.510
 -0.525
 -0.545
 -0.565
 -0.585
 -0.620
 -0.655
 -0.685
 -0.710
 -0.745
 -0.785
 -0.815
 -0.840
 -0.865
 -0.890
 -0.900
 -0.910
 -0.900
 -0.890
 -0.850
 -0.805
 -0.755
 -0.700
 -0.620
 -0.540
 -0.470
 -0.405
 -0.335
 -0.265
 -0.205
 -0.145
 -0.095
 -0.030
  0.055
  0.140
  0.220
  0.275
  0.310
  0.360
  0.425
  0.430
  0.395
  0.350
  0.300
  0.250
  0.195
  0.135
  0.070
  0.015
 -0.035
 -0.060
 -0.080
 -0.090
 -0.100
 -0.105
 -0.110
 -0.115
 -0.125
 -0.130
 -0.130
 -0.125
 -0.125
 -0.130
 -0.135
 -0.140
 -0.140
 -0.135
 -0.135
 -0.140
 -0.140
 -0.130
 -0.125
 -0.130
 -0.140
 -0.170
 -0.190
 -0.210
 -0.095
  0.170
  0.575
  1.110
  1.650
  2.190
  2.510
  2.690
  2.745
  2.735
  2.735
  2.735
  1.965
  0.940
  0.355
 -0.110
 -0.215
 -0.260
 -0.285
 -0.310
 -0.355
 -0.400
 -0.430
 -0.455
 -0.465
 -0.475
 -0.485
 -0.495
 -0.495
 -0.495
 -0.495
 -0.495
 -0.495
 -0.495
 -0.495
 -0.490
 -0.485
 -0.485
 -0.485
 -0.480
 -0.475
 -0.475
 -0.475
 -0.470
 -0.465
 -0.460
 -0.455
 -0.455
 -0.460
 -0.470
 -0.490
 -0.495
 -0.500
 -0.520
 -0.540
 -0.555
 -0.570
 -0.590
 -0.610
 -0.630
 -0.650
 -0.665
 -0.680
 -0.685
 -0.690
 -0.685
 -0.680
 -0.645
 -0.605
 -0.555
 -0.505
 -0.455
 -0.405
 -0.365
 -0.325
 -0.290
 -0.255
 -0.230
 -0.205
 -0.185
 -0.170
 -0.165
 -0.160
 -0.150
 -0.145
 -0.145
 -0.140
 -0.135
 -0.130
 -0.125
 -0.120
 -0.115
 -0.110
 -0.105
 -0.100
 -0.095
 -0.095
 -0.095
 -0.090
 -0.085
 -0.085
 -0.090
 -0.095
 -0.095
 -0.095
 -0.095
 -0.095
 -0.095
 -0.095
 -0.095
 -0.100
 -0.105
 -0.105
 -0.105
 -0.105
 -0.105
 -0.105
 -0.105
 -0.110
 -0.115
 -0.120
 -0.120
 -0.115
 -0.115
 -0.115
 -0.115
 -0.120
 -0.125
 -0.130
 -0.125
 -0.115
 -0.120
 -0.130
 -0.125
 -0.115
 -0.115
 -0.120
 -0.115
 -0.105
 -0.080
 -0.045
 -0.030
 -0.015
 -0.015
 -0.020
  0.025
  0.080
  0.150
  0.215
  0.235
  0.255
  0.315
  0.360
  0.320
  0.285
  0.225
  0.170
  0.120
  0.070
  0.020
 -0.025
 -0.065
 -0.100
 -0.115
 -0.125
 -0.130
 -0.135
 -0.145
 -0.155
 -0.155
 -0.155
 -0.160
 -0.165
 -0.170
 -0.170
 -0.165
 -0.160
 -0.155
 -0.155
 -0.160
 -0.185
 -0.215
 -0.190
 -0.150
  0.155
  0.495
  1.025
  1.565
  2.090
  2.605
  2.675
  2.740
  2.735
  2.735
  2.745
  2.600
  1.630
  0.755
  0.260
 -0.125
 -0.205
 -0.275
 -0.315
 -0.360
 -0.420
 -0.465
 -0.495
 -0.515
 -0.525
 -0.535
 -0.540
 -0.545
 -0.545
 -0.545
 -0.550
 -0.555
 -0.555
 -0.545
 -0.535
 -0.535
 -0.540
 -0.550
 -0.560
 -0.550
 -0.535
 -0.535
 -0.540
 -0.540
 -0.535
 -0.540
 -0.555
 -0.555
 -0.555
 -0.560
 -0.565
 -0.580
 -0.595
 -0.610
 -0.625
 -0.645
 -0.670
 -0.700
 -0.730
 -0.755
 -0.785
 -0.820
 -0.850
 -0.870
 -0.890
 -0.905
 -0.910
 -0.905
 -0.890
 -0.870
 -0.840
 -0.805
 -0.755
 -0.695
 -0.630
 -0.560
 -0.500
 -0.440
 -0.385
 -0.335
 -0.280
 -0.230
 -0.190
 -0.155
 -0.135
 -0.115
 -0.100
 -0.085
 -0.075
 -0.070
 -0.065
 -0.065
 -0.065
 -0.065
 -0.065
 -0.060
 -0.055
 -0.055
 -0.055
 -0.050
 -0.045
 -0.045
 -0.045
 -0.040
 -0.030
 -0.025
 -0.025
 -0.015
  0.000
  0.005
  0.010
  0.020
  0.030
  0.045
  0.065
  0.080
  0.100
  0.110
  0.120
  0.155
  0.195
  0.245
  0.305
  0.340
  0.380
  0.410
  0.440
  0.465
  0.490
  0.415
  0.330
  0.280
  0.230
  0.160
  0.095
  0.050
  0.010
 -0.010
 -0.035
 -0.050
 -0.065
 -0.075
 -0.085
 -0.095
 -0.105
 -0.115
 -0.125
 -0.135
 -0.145
 -0.145
 -0.145
 -0.150
 -0.150
 -0.145
 -0.140
 -0.135
 -0.140
 -0.150
 -0.165
 -0.185
 -0.065
  0.110
  0.505
  0.965
  1.495
  2.035
  2.405
  2.740
  2.765
  2.755
  2.745
  2.735
  2.325
  1.890
  1.005
  0.185
  0.010
 -0.140
 -0.190
 -0.240
 -0.295
 -0.345
 -0.390
 -0.425
 -0.435
 -0.445
 -0.450
 -0.455
 -0.460
 -0.465
 -0.465
 -0.465
 -0.465
 -0.460
 -0.455
 -0.450
 -0.445
 -0.445
 -0.445
 -0.440
 -0.435
 -0.435
 -0.435
 -0.430
 -0.425
 -0.425
 -0.430
 -0.435
 -0.435
 -0.430
 -0.425
 -0.440
 -0.460
 -0.475
 -0.485
 -0.500
 -0.515
 -0.540
 -0.565
 -0.590
 -0.620
 -0.650
 -0.680
 -0.715
 -0.750
 -0.770
 -0.785
 -0.790
 -0.785
 -0.770
 -0.740
 -0.690
 -0.630
 -0.565
 -0.500
 -0.440
 -0.380
 -0.325
 -0.275
 -0.230
 -0.195
 -0.160
 -0.140
 -0.120
 -0.105
 -0.095
 -0.095
 -0.100
 -0.100
 -0.095
 -0.095
 -0.095
 -0.095
 -0.095
 -0.095
 -0.090
 -0.080
 -0.070
 -0.065
 -0.065
 -0.065
 -0.060
 -0.045
 -0.035
 -0.035
 -0.030
 -0.015
 -0.005
 -0.005
 -0.005
 -0.005
 -0.005
 -0.005
 -0.005
 -0.005
  0.000
  0.000
  0.010
  0.025
  0.045
  0.075
  0.085
  0.090
  0.110
  0.135
  0.185
  0.250
  0.295
  0.335
  0.370
  0.405
  0.425
  0.440
  0.380
  0.305
  0.255
  0.205
  0.140
  0.080
  0.035
 -0.005
 -0.015
 -0.025
 -0.045
 -0.065
 -0.075
 -0.085
 -0.095
 -0.105
 -0.105
 -0.105
 -0.115
 -0.120
 -0.115
 -0.110
 -0.105
 -0.105
 -0.105
 -0.105
 -0.105
 -0.120
 -0.150
 -0.120
 -0.045
  0.185
  0.505
  0.970
  1.490
  2.020
  2.555
  2.710
  2.775
  2.770
  2.755
  2.755
  2.755
  1.845
  0.880
  0.405
 -0.045
 -0.125
 -0.205
 -0.240
 -0.280
 -0.330
 -0.375
 -0.395
 -0.415
 -0.435
 -0.455
 -0.465
 -0.470
 -0.465
 -0.465
 -0.470
 -0.470
 -0.460
 -0.455
 -0.460
 -0.460
 -0.455
 -0.450
 -0.445
 -0.445
 -0.445
 -0.445
 -0.450
 -0.455
 -0.455
 -0.460
 -0.470
 -0.470
 -0.465
 -0.475
 -0.490
 -0.500
 -0.510
 -0.520
 -0.530
 -0.560
 -0.595
 -0.625
 -0.655
 -0.695
 -0.735
 -0.765
 -0.800
 -0.835
 -0.870
 -0.895
 -0.910
 -0.905
 -0.900
 -0.890
 -0.870
 -0.825
 -0.780
 -0.715
 -0.655
 -0.585
 -0.520
 -0.445
 -0.385
 -0.325
 -0.265
 -0.205
 -0.165
 -0.135
 -0.105
 -0.080
 -0.060
 -0.045
 -0.040
 -0.035
 -0.035
 -0.035
 -0.035
 -0.035
 -0.035
 -0.035
 -0.030
 -0.025
 -0.030
 -0.030
 -0.025
 -0.020
 -0.015
 -0.010
 -0.005
 -0.005
 -0.005
  0.000
  0.005
  0.015
  0.020
  0.025
  0.030
  0.040
  0.060
  0.080
  0.100
  0.120
  0.135
  0.160
  0.190
  0.235
  0.300
  0.345
  0.390
  0.425
  0.455
  0.470
  0.480
  0.425
  0.350
  0.290
  0.240
  0.170
  0.090
  0.045
  0.005
 -0.005
 -0.020
 -0.045
 -0.065
 -0.075
 -0.085
 -0.095
 -0.105
 -0.110
 -0.115
 -0.115
 -0.115
 -0.120
 -0.120
 -0.115
 -0.115
 -0.120
 -0.125
 -0.130
 -0.145
 -0.185
 -0.115
  0.075
  0.420
  0.910
  1.465
  2.065
  2.465
  2.720
  2.805
  2.795
  2.785
  2.775
  2.240
  1.520
  0.820
  0.120
 -0.080
 -0.190
 -0.245
 -0.290
 -0.335
 -0.380
 -0.415
 -0.455
 -0.465
 -0.475
 -0.480
 -0.485
 -0.485
 -0.485
 -0.485
 -0.485
 -0.485
 -0.485
 -0.485
 -0.480
 -0.475
 -0.475
 -0.475
 -0.475
 -0.475
 -0.470
 -0.465
 -0.465
 -0.465
 -0.465
 -0.465
 -0.465
 -0.470
 -0.475
 -0.475
 -0.480
 -0.490
 -0.500
 -0.510
 -0.530
 -0.550
 -0.575
 -0.600
 -0.635
 -0.670
 -0.695
 -0.720
 -0.750
 -0.785
 -0.805
 -0.825
 -0.825
 -0.820
 -0.800
 -0.775
 -0.730
 -0.680
 -0.615
 -0.550
 -0.485
 -0.425
 -0.365
 -0.305
 -0.260
 -0.220
 -0.190
 -0.165
 -0.145
 -0.135
 -0.135
 -0.135
 -0.135
 -0.130
 -0.125
 -0.125
 -0.130
 -0.130
 -0.125
 -0.125
 -0.125
 -0.120
 -0.115
 -0.105
 -0.095
 -0.095
 -0.095
 -0.085
 -0.075
 -0.070
 -0.065
 -0.065
 -0.060
 -0.050
 -0.045
 -0.045
 -0.040
 -0.035
 -0.030
 -0.020
 -0.015
 -0.020
 -0.020
 -0.010
  0.000
  0.020
  0.035
  0.040
  0.055
  0.085
  0.135
  0.200
  0.255
  0.300
  0.335
  0.360
  0.385
  0.405
  0.360
  0.280
  0.225
  0.185
  0.125
  0.055
  0.005
 -0.035
 -0.065
 -0.090
 -0.100
 -0.110
 -0.120
 -0.130
 -0.140
 -0.155
 -0.160
 -0.165
 -0.170
 -0.175
 -0.185
 -0.190
 -0.185
 -0.180
 -0.175
 -0.170
 -0.165
 -0.165
 -0.175
 -0.185
 -0.195
 -0.115
  0.105
  0.445
  0.925
  1.445
  2.000
  2.415
  2.700
  2.815
  2.805
  2.800
  2.795
  2.295
  1.560
  0.835
  0.120
 -0.115
 -0.205
 -0.265
 -0.315
 -0.365
 -0.420
 -0.440
 -0.460
 -0.480
 -0.505
 -0.505
 -0.505
 -0.510
 -0.515
 -0.515
 -0.515
 -0.515
 -0.510
 -0.500
 -0.495
 -0.495
 -0.495
 -0.495
 -0.495
 -0.495
 -0.495
 -0.495
 -0.490
 -0.485
 -0.485
 -0.485
 -0.485
 -0.490
 -0.495
 -0.495
 -0.495
 -0.500
 -0.515
 -0.535
 -0.560
 -0.585
 -0.610
 -0.630
 -0.655
 -0.690
 -0.715
 -0.740
 -0.765
 -0.790
 -0.795
 -0.800
 -0.795
 -0.790
 -0.760
 -0.730
 -0.685
 -0.635
 -0.560
 -0.490
 -0.430
 -0.370
 -0.325
 -0.280
 -0.240
 -0.200
 -0.160
 -0.130
 -0.120
 -0.110
 -0.100
 -0.095
 -0.095
 -0.090
 -0.085
 -0.080
 -0.075
 -0.075
 -0.080
 -0.085
 -0.090
 -0.090
 -0.085
 -0.085
 -0.085
 -0.075
 -0.065
 -0.065
 -0.065
 -0.050
 -0.035
 -0.030
 -0.025
 -0.020
 -0.010
 -0.005
  0.000
  0.000
  0.005
  0.005
  0.005
  0.015
  0.025
  0.045
  0.065
  0.080
  0.095
  0.110
  0.140
  0.190
  0.255
  0.330
  0.375
  0.375
  0.395
  0.450
  0.450
  0.410
  0.355
  0.285
  0.230
  0.180
  0.125
  0.070
  0.020
 -0.020
 -0.045
 -0.060
 -0.075
 -0.090
 -0.105
 -0.120
 -0.125
 -0.125
 -0.130
 -0.145
 -0.145
 -0.145
 -0.145
 -0.145
 -0.150
 -0.150
 -0.145
 -0.140
 -0.135
 -0.135
 -0.140
 -0.135
 -0.110
  0.000
  0.295
  0.675
  1.185
  1.715
  2.260
  2.620
  2.765
  2.825
  2.815
  2.785
  2.735
  2.080
  1.050
  0.430
  0.030
 -0.135
 -0.215
 -0.265
 -0.305
 -0.350
 -0.395
 -0.420
 -0.440
 -0.455
 -0.470
 -0.475
 -0.475
 -0.475
 -0.475
 -0.480
 -0.480
 -0.475
 -0.470
 -0.465
 -0.460
 -0.455
 -0.450
 -0.445
 -0.440
 -0.435
 -0.435
 -0.435
 -0.435
 -0.435
 -0.435
 -0.435
 -0.435
 -0.435
 -0.435
 -0.435
 -0.435
 -0.440
 -0.450
 -0.465
 -0.485
 -0.505
 -0.530
 -0.555
 -0.590
 -0.625
 -0.655
 -0.680
 -0.705
 -0.730
 -0.735
 -0.735
 -0.720
 -0.705
 -0.665
 -0.620
 -0.570
 -0.520
 -0.465
 -0.405
 -0.355
 -0.305
 -0.255
 -0.205
 -0.170
 -0.135
 -0.115
 -0.100
 -0.085
 -0.075
 -0.080
 -0.085
 -0.085
 -0.080
 -0.075
 -0.075
 -0.080
 -0.075
 -0.065
 -0.065
 -0.070
 -0.070
 -0.065
 -0.055
 -0.045
 -0.040
 -0.035
 -0.030
 -0.025
 -0.010
  0.000
  0.005
  0.010
  0.015
  0.020
  0.020
  0.015
  0.020
  0.025
  0.030
  0.030
  0.025
  0.020
  0.015
  0.015
  0.025
  0.040
  0.065
  0.085
  0.095
  0.110
  0.125
  0.155
  0.225
  0.290
  0.350
  0.390
  0.415
  0.445
  0.485
  0.460
  0.385
  0.320
  0.260
  0.205
  0.150
  0.095
  0.045
  0.015
  0.000
 -0.015
 -0.030
 -0.045
 -0.060
 -0.075
 -0.090
 -0.095
 -0.095
 -0.105
 -0.115
 -0.115
 -0.110
 -0.105
 -0.100
 -0.095
 -0.090
 -0.085
 -0.085
 -0.090
 -0.100
 -0.120
 -0.095
  0.015
  0.245
  0.670
  1.160
  1.745
  2.250
  2.660
  2.860
  2.855
  2.850
  2.845
  2.610
  2.215
  1.480
  0.560
  0.150
 -0.025
 -0.130
 -0.205
 -0.255
 -0.295
 -0.330
 -0.370
 -0.395
 -0.420
 -0.425
 -0.425
 -0.430
 -0.445
 -0.445
 -0.440
 -0.435
 -0.430
 -0.425
 -0.425
 -0.425
 -0.425
 -0.425
 -0.420
 -0.410
 -0.405
 -0.410
 -0.410
 -0.405
 -0.405
 -0.405
 -0.400
 -0.395
 -0.395
 -0.400
 -0.410
 -0.420
 -0.430
 -0.440
 -0.450
 -0.465
 -0.490
 -0.515
 -0.545
 -0.575
 -0.605
 -0.635
 -0.665
 -0.700
 -0.725
 -0.750
 -0.770
 -0.790
 -0.790
 -0.785
 -0.750
 -0.720
 -0.665
 -0.605
 -0.530
 -0.455
 -0.400
 -0.340
 -0.275
 -0.210
 -0.160
 -0.115
 -0.085
 -0.055
 -0.035
 -0.020
 -0.010
  0.000
  0.000
  0.005
  0.005
  0.005
  0.005
  0.005
  0.005
  0.005
  0.010
  0.010
  0.005
  0.005
  0.010
  0.015
  0.020
  0.025
  0.030
  0.035
  0.040
  0.050
  0.060
  0.070
  0.080
  0.085
  0.085
  0.085
  0.080
  0.075
  0.075
  0.085
  0.095
  0.105
  0.120
  0.145
  0.165
  0.165
  0.175
  0.215
  0.270
  0.340
  0.395
  0.420
  0.450
  0.485
  0.510
  0.525
  0.490
  0.405
  0.340
  0.290
  0.230
  0.165
  0.105
  0.055
  0.030
  0.015
  0.000
 -0.010
 -0.025
 -0.040
 -0.050
 -0.060
 -0.065
 -0.065
 -0.065
 -0.075
 -0.085
 -0.090
 -0.080
 -0.075
 -0.075
 -0.075
 -0.075
 -0.080
 -0.105
 -0.090
  0.035
  0.250
  0.680
  1.145
  1.680
  2.170
  2.600
  2.845
  2.855
  2.855
  2.840
  2.690
  2.415
  1.720
  0.710
  0.200
 -0.010
 -0.125
 -0.185
 -0.235
 -0.280
 -0.325
 -0.365
 -0.385
 -0.400
 -0.415
 -0.430
 -0.430
 -0.425
 -0.425
 -0.435
 -0.425
 -0.420
 -0.415
 -0.415
 -0.415
 -0.415
 -0.415
 -0.410
 -0.405
 -0.405
 -0.405
 -0.400
 -0.395
 -0.395
 -0.400
 -0.405
 -0.405
 -0.400
 -0.395
 -0.400
 -0.415
 -0.430
 -0.440
 -0.455
 -0.485
 -0.505
 -0.525
 -0.555
 -0.585
 -0.620
 -0.655
 -0.685
 -0.715
 -0.745
 -0.770
 -0.785
 -0.800
 -0.800
 -0.795
 -0.755
 -0.715
 -0.655
 -0.600
 -0.530
 -0.460
 -0.395
 -0.335
 -0.275
 -0.215
 -0.170
 -0.130
 -0.110
 -0.090
 -0.080
 -0.070
 -0.060
 -0.055
 -0.055
 -0.055
 -0.060
 -0.060
 -0.055
 -0.050
 -0.045
 -0.045
 -0.045
 -0.045
 -0.045
 -0.040
 -0.035
 -0.025
 -0.015
 -0.010
 -0.005
  0.000
  0.000
  0.010
  0.020
  0.025
  0.025
  0.025
  0.030
  0.035
  0.035
  0.035
  0.035
  0.035
  0.035
  0.035
  0.035
  0.050
  0.065
  0.080
  0.095
  0.105
  0.125
  0.165
  0.220
  0.295
  0.345
  0.355
  0.390
  0.450
  0.470
  0.435
  0.385
  0.320
  0.255
  0.195
  0.135
  0.080
  0.035
  0.000
 -0.025
 -0.050
 -0.065
 -0.080
 -0.085
 -0.090
 -0.095
 -0.100
 -0.110
 -0.120
 -0.125
 -0.135
 -0.135
 -0.135
 -0.135
 -0.135
 -0.135
 -0.135
 -0.135
 -0.135
 -0.165
 -0.155
 -0.045
  0.155
  0.585
  1.055
  1.615
  2.135
  2.595
  2.860
  2.855
  2.845
  2.820
  2.650
  2.340
  1.630
  0.610
  0.100
 -0.080
 -0.185
 -0.245
 -0.300
 -0.350
 -0.390
 -0.425
 -0.445
 -0.460
 -0.470
 -0.480
 -0.485
 -0.490
 -0.490
 -0.485
 -0.490
 -0.490
 -0.480
 -0.475
 -0.475
 -0.475
 -0.475
 -0.470
 -0.460
 -0.455
 -0.455
 -0.455
 -0.460
 -0.460
 -0.455
 -0.455
 -0.460
 -0.465
 -0.465
 -0.465
 -0.475
 -0.490
 -0.505
 -0.520
 -0.530
 -0.550
 -0.575
 -0.605
 -0.640
 -0.675
 -0.715
 -0.745
 -0.775
 -0.800
 -0.820
 -0.825
 -0.830
 -0.815
 -0.795
 -0.760
 -0.725
 -0.670
 -0.610
 -0.545
 -0.480
 -0.425
 -0.365
 -0.315
 -0.265
 -0.225
 -0.185
 -0.160
 -0.140
 -0.125
 -0.110
 -0.100
 -0.095
 -0.095
 -0.090
 -0.085
 -0.085
 -0.090
 -0.090
 -0.085
 -0.085
 -0.090
 -0.090
 -0.085
 -0.080
 -0.075
 -0.070
 -0.065
 -0.060
 -0.055
 -0.050
 -0.045
 -0.040
 -0.035
 -0.030
 -0.025
 -0.025
 -0.025
 -0.020
 -0.015
 -0.015
 -0.010
  0.000
  0.005
  0.025
  0.045
  0.065
  0.080
  0.075
  0.085
  0.130
  0.180
  0.250
  0.300
  0.325
  0.360
  0.400
  0.425
  0.430
  0.395
  0.320
  0.255
  0.205
  0.145
  0.080
  0.020
 -0.025
 -0.060
 -0.085
 -0.100
 -0.110
 -0.120
 -0.130
 -0.140
 -0.150
 -0.155
 -0.160
 -0.165
 -0.170
 -0.175
 -0.180
 -0.170
 -0.165
 -0.175
 -0.180
 -0.170
 -0.165
 -0.175
 -0.180
 -0.170
 -0.105
  0.155
  0.495
  1.020
  1.555
  2.110
  2.530
  2.720
  2.825
  2.810
  2.790
  2.765
  2.250
  1.240
  0.540
  0.100
 -0.120
 -0.205
 -0.260
 -0.310
 -0.355
 -0.400
 -0.430
 -0.450
 -0.470
 -0.490
 -0.495
 -0.495
 -0.495
 -0.500
 -0.500
 -0.495
 -0.495
 -0.490
 -0.480
 -0.475
 -0.475
 -0.470
 -0.465
 -0.465
 -0.465
 -0.460
 -0.455
 -0.450
 -0.445
 -0.445
 -0.445
 -0.445
 -0.450
 -0.455
 -0.465
 -0.475
 -0.480
 -0.490
 -0.505
 -0.525
 -0.545
 -0.575
 -0.610
 -0.640
 -0.665
 -0.685
 -0.705
 -0.725
 -0.750
 -0.760
 -0.770
 -0.750
 -0.715
 -0.680
 -0.645
 -0.585
 -0.525
 -0.465
 -0.405
 -0.345
 -0.290
 -0.240
 -0.190
 -0.160
 -0.130
 -0.115
 -0.100
 -0.095
 -0.095
 -0.095
 -0.090
 -0.085
 -0.085
 -0.085
 -0.080
 -0.075
 -0.075
 -0.075
 -0.070
 -0.065
 -0.065
 -0.070
 -0.065
 -0.050
 -0.040
 -0.035
 -0.030
 -0.025
 -0.015
 -0.005
  0.000
  0.000
  0.005
  0.010
  0.015
  0.015
  0.010
  0.005
  0.010
  0.020
  0.030
  0.035
  0.055
  0.075
  0.080
  0.085
  0.095
  0.115
  0.175
  0.240
  0.310
  0.365
  0.370
  0.390
  0.455
  0.470
  0.415
  0.360
  0.295
  0.235
  0.175
  0.115
  0.065
  0.025
 -0.010
 -0.030
 -0.045
 -0.060
 -0.080
 -0.090
 -0.100
 -0.105
 -0.110
 -0.120
 -0.130
 -0.135
 -0.135
 -0.130
 -0.125
 -0.120
 -0.115
 -0.115
 -0.115
 -0.115
 -0.115
 -0.130
 -0.130
 -0.040
  0.090
  0.455
  0.850
  1.385
  1.900
  2.380
  2.730
  2.780
  2.810
  2.800
  2.740
  2.605
  2.080
  1.040
  0.365
  0.075
 -0.100
 -0.185
 -0.250
 -0.295
 -0.340
 -0.380
 -0.405
 -0.425
 -0.440
 -0.450
 -0.455
 -0.460
 -0.465
 -0.465
 -0.465
 -0.465
 -0.465
 -0.465
 -0.460
 -0.455
 -0.455
 -0.450
 -0.440
 -0.435
 -0.440
 -0.445
 -0.445
 -0.440
 -0.430
 -0.425
 -0.430
 -0.435
 -0.445
 -0.455
 -0.455
 -0.460
 -0.475
 -0.485
 -0.495
 -0.515
 -0.540
 -0.570
 -0.600
 -0.635
 -0.675
 -0.710
 -0.740
 -0.770
 -0.795
 -0.810
 -0.820
 -0.820
 -0.815
 -0.780
 -0.740
 -0.680
 -0.620
 -0.550
 -0.475
 -0.415
 -0.355
 -0.290
 -0.230
 -0.190
 -0.150
 -0.120
 -0.090
 -0.075
 -0.060
 -0.055
 -0.050
 -0.045
 -0.045
 -0.050
 -0.055
 -0.055
 -0.050
 -0.045
 -0.040
 -0.035
 -0.035
 -0.040
 -0.035
 -0.025
 -0.020
 -0.015
 -0.015
 -0.015
 -0.005
  0.000
  0.005
  0.010
  0.015
  0.020
  0.025
  0.030
  0.035
  0.040
  0.045
  0.045
  0.055
  0.070
  0.095
  0.120
  0.115
  0.115
  0.150
  0.190
  0.260
  0.325
  0.350
  0.380
  0.420
  0.455
  0.460
  0.440
  0.365
  0.295
  0.250
  0.195
  0.130
  0.070
  0.025
  0.000
 -0.015
 -0.030
 -0.045
 -0.060
 -0.075
 -0.090
 -0.100
 -0.105
 -0.110
 -0.115
 -0.120
 -0.125
 -0.130
 -0.130
 -0.125
 -0.125
 -0.125
 -0.125
 -0.125
 -0.130
 -0.145
 -0.155
 -0.150
  0.070
  0.320
  0.810
  1.310
  1.845
  2.335
  2.605
  2.810
  2.795
  2.785
  2.785
  2.510
  1.675
  0.925
  0.315
 -0.070
 -0.165
 -0.235
 -0.280
 -0.330
 -0.380
 -0.420
 -0.450
 -0.470
 -0.480
 -0.490
 -0.500
 -0.505
 -0.510
 -0.505
 -0.495
 -0.490
 -0.485
 -0.485
 -0.485
 -0.485
 -0.490
 -0.490
 -0.485
 -0.475
 -0.475
 -0.480
 -0.480
 -0.475
 -0.475
 -0.475
 -0.475
 -0.475
 -0.475
 -0.480
 -0.490
 -0.510
 -0.525
 -0.545
 -0.560
 -0.585
 -0.615
 -0.645
 -0.680
 -0.715
 -0.745
 -0.770
 -0.795
 -0.820
 -0.845
 -0.865
 -0.865
 -0.855
 -0.830
 -0.790
 -0.735
 -0.675
 -0.605
 -0.535
 -0.470
 -0.410
 -0.350
 -0.285
 -0.235
 -0.185
 -0.160
 -0.130
 -0.120
 -0.110
 -0.100
 -0.095
 -0.095
 -0.095
 -0.095
 -0.095
 -0.095
 -0.090
 -0.085
 -0.080
 -0.070
 -0.065
 -0.065
 -0.065
 -0.070
 -0.065
 -0.050
 -0.045
 -0.045
 -0.035
 -0.025
 -0.025
 -0.025
 -0.015
 -0.005
  0.000
  0.000
  0.005
  0.005
  0.005
  0.010
  0.035
  0.060
  0.070
  0.080
  0.095
  0.110
  0.165
  0.225
  0.295
  0.365
  0.375
  0.385
  0.435
  0.460
  0.385
  0.315
  0.260
  0.205
  0.140
  0.080
  0.035
 -0.005
 -0.040
 -0.065
 -0.075
 -0.085
 -0.095
 -0.110
 -0.135
 -0.150
 -0.160
 -0.165
 -0.165
 -0.165
 -0.165
 -0.160
 -0.155
 -0.155
 -0.155
 -0.155
 -0.155
 -0.165
 -0.180
 -0.185
 -0.185
  0.020
  0.250
  0.715
  1.195
  1.770
  2.340
  2.570
  2.780
  2.765
  2.750
  2.740
  2.620
  1.955
  1.280
  0.570
  0.020
 -0.100
 -0.200
 -0.255
 -0.310
 -0.360
 -0.405
 -0.445
 -0.470
 -0.485
 -0.495
 -0.500
 -0.505
 -0.505
 -0.505
 -0.510
 -0.515
 -0.515
 -0.510
 -0.505
 -0.505
 -0.505
 -0.500
 -0.495
 -0.490
 -0.485
 -0.485
 -0.485
 -0.485
 -0.485
 -0.485
 -0.485
 -0.490
 -0.490
 -0.485
 -0.485
 -0.495
 -0.505
 -0.515
 -0.525
 -0.540
 -0.560
 -0.580
 -0.600
 -0.630
 -0.660
 -0.685
 -0.715
 -0.745
 -0.775
 -0.800
 -0.815
 -0.830
 -0.825
 -0.815
 -0.795
 -0.765
 -0.725
 -0.680
 -0.620
 -0.550
 -0.490
 -0.425
 -0.370
 -0.315
 -0.265
 -0.220
 -0.190
 -0.165
 -0.145
 -0.125
 -0.120
 -0.115
 -0.105
 -0.105
 -0.105
 -0.105
 -0.105
 -0.100
 -0.095
 -0.095
 -0.095
 -0.090
 -0.085
 -0.085
 -0.085
 -0.080
 -0.075
 -0.070
 -0.060
 -0.050
 -0.045
 -0.040
 -0.035
 -0.030
 -0.025
 -0.020
 -0.015
 -0.015
 -0.015
 -0.010
 -0.005
  0.010
  0.035
  0.055
  0.070
  0.075
  0.080
  0.125
  0.175
  0.245
  0.320
  0.325
  0.330
  0.385
  0.430
  0.390
  0.350
  0.285
  0.225
  0.180
  0.130
  0.070
  0.010
 -0.035
 -0.075
 -0.090
 -0.105
 -0.125
 -0.140
 -0.155
 -0.165
 -0.170
 -0.175
 -0.180
 -0.185
 -0.190
 -0.190
 -0.185
 -0.180
 -0.175
 -0.170
 -0.165
 -0.165
 -0.165
 -0.180
 -0.200
 -0.125
 -0.020
  0.370
  0.825
  1.385
  1.960
  2.360
  2.750
  2.755
  2.740
  2.730
  2.680
  1.965
  1.255
  0.570
 -0.020
 -0.120
 -0.215
 -0.275
 -0.335
 -0.380
 -0.420
 -0.450
 -0.480
 -0.495
 -0.505
 -0.510
 -0.510
 -0.505
 -0.505
 -0.510
 -0.510
 -0.505
 -0.505
 -0.510
 -0.505
 -0.495
 -0.495
 -0.495
 -0.485
 -0.475
 -0.475
 -0.480
 -0.480
 -0.475
 -0.475
 -0.480
 -0.485
 -0.485
 -0.485
 -0.485
 -0.490
 -0.495
 -0.510
 -0.525
 -0.545
 -0.565
 -0.590
 -0.620
 -0.650
 -0.680
 -0.705
 -0.725
 -0.740
 -0.760
 -0.780
 -0.790
 -0.780
 -0.760
 -0.730
 -0.690
 -0.645
 -0.595
 -0.545
 -0.485
 -0.420
 -0.360
 -0.300
 -0.260
 -0.225
 -0.190
 -0.160
 -0.135
 -0.115
 -0.105
 -0.095
 -0.095
 -0.095
 -0.095
 -0.100
 -0.105
 -0.105
 -0.095
 -0.090
 -0.085
 -0.085
 -0.090
 -0.090
 -0.080
 -0.070
 -0.065
 -0.060
 -0.050
 -0.045
 -0.045
 -0.040
 -0.030
 -0.025
 -0.025
 -0.020
 -0.015
 -0.010
 -0.005
  0.000
  0.000
  0.005
  0.010
  0.025
  0.045
  0.060
  0.080
  0.085
  0.090
  0.125
  0.170
  0.245
  0.330
  0.345
  0.350
  0.405
  0.470
  0.435
  0.395
  0.330
  0.260
  0.215
  0.170
  0.105
  0.045
  0.000
 -0.035
 -0.045
 -0.055
 -0.070
 -0.085
 -0.095
 -0.105
 -0.115
 -0.125
 -0.125
 -0.125
 -0.130
 -0.130
 -0.125
 -0.125
 -0.140
 -0.135
 -0.125
 -0.125
 -0.125
 -0.125
 -0.125
 -0.110
 -0.095
  0.110
  0.395
  0.845
  1.350
  1.875
  2.410
  2.610
  2.760
  2.765
  2.755
  2.730
  2.705
  1.775
  0.870
  0.430
  0.020
 -0.080
 -0.180
 -0.230
 -0.280
 -0.325
 -0.370
 -0.400
 -0.425
 -0.440
 -0.455
 -0.455
 -0.455
 -0.455
 -0.450
 -0.445
 -0.445
 -0.445
 -0.445
 -0.445
 -0.440
 -0.435
 -0.435
 -0.435
 -0.430
 -0.425
 -0.425
 -0.430
 -0.430
 -0.425
 -0.425
 -0.425
 -0.425
 -0.425
 -0.430
 -0.440
 -0.455
 -0.470
 -0.495
 -0.515
 -0.535
 -0.555
 -0.590
 -0.625
 -0.645
 -0.670
 -0.700
 -0.730
 -0.755
 -0.775
 -0.785
 -0.785
 -0.750
 -0.715
 -0.670
 -0.620
 -0.555
 -0.495
 -0.435
 -0.370
 -0.310
 -0.255
 -0.205
 -0.160
 -0.125
 -0.095
 -0.070
 -0.055
 -0.045
 -0.040
 -0.035
 -0.035
 -0.035
 -0.035
 -0.040
 -0.035
 -0.025
 -0.025
 -0.025
 -0.020
 -0.015
 -0.015
 -0.010
  0.000
  0.005
  0.005
  0.005
  0.015
  0.025
  0.025
  0.025
  0.040
  0.055
  0.060
  0.060
  0.055
  0.055
  0.065
  0.075
  0.085
  0.105
  0.130
  0.145
  0.145
  0.170
  0.215
  0.275
  0.350
  0.385
  0.400
  0.430
  0.475
  0.485
  0.490
  0.435
  0.365
  0.310
  0.255
  0.190
  0.125
  0.085
  0.045
  0.020
  0.000
 -0.005
 -0.015
 -0.030
 -0.045
 -0.055
 -0.065
 -0.070
 -0.075
 -0.080
 -0.085
 -0.090
 -0.095
 -0.095
 -0.090
 -0.080
 -0.070
 -0.065
 -0.065
 -0.070
 -0.085
 -0.105
 -0.030
  0.105
  0.420
  0.845
  1.360
  1.915
  2.325
  2.675
  2.760
  2.755
  2.745
  2.735
  2.335
  1.865
  1.075
  0.245
  0.070
 -0.060
 -0.125
 -0.185
 -0.230
 -0.275
 -0.315
 -0.355
 -0.375
 -0.395
 -0.400
 -0.405
 -0.410
 -0.415
 -0.420
 -0.420
 -0.415
 -0.415
 -0.415
 -0.410
 -0.405
 -0.400
 -0.395
 -0.395
 -0.395
 -0.390
 -0.385
 -0.385
 -0.385
 -0.385
 -0.390
 -0.395
 -0.395
 -0.400
 -0.410
 -0.415
 -0.420
 -0.440
 -0.460
 -0.480
 -0.500
 -0.530
 -0.560
 -0.595
 -0.635
 -0.675
 -0.715
 -0.735
 -0.755
 -0.780
 -0.805
 -0.805
 -0.795
 -0.770
 -0.740
 -0.690
 -0.630
 -0.560
 -0.490
 -0.430
 -0.370
 -0.305
 -0.245
 -0.185
 -0.135
 -0.100
 -0.075
 -0.060
 -0.045
 -0.035
 -0.025
 -0.015
 -0.010
 -0.005
 -0.005
 -0.010
 -0.015
 -0.015
 -0.015
 -0.015
 -0.005
  0.000
  0.005
  0.005
  0.005
  0.005
  0.015
  0.025
  0.030
  0.035
  0.040
  0.045
  0.050
  0.055
  0.055
  0.055
  0.060
  0.065
  0.065
  0.070
  0.090
  0.110
  0.130
  0.145
  0.150
  0.170
  0.215
  0.265
  0.335
  0.365
  0.370
  0.405
  0.465
  0.460
  0.430
  0.375
  0.310
  0.260
  0.210
  0.155
  0.090
  0.050
  0.005
 -0.015
 -0.040
 -0.045
 -0.050
 -0.070
 -0.085
 -0.090
 -0.095
 -0.105
 -0.115
 -0.115
 -0.115
 -0.115
 -0.110
 -0.105
 -0.105
 -0.105
 -0.100
 -0.095
 -0.100
 -0.120
 -0.120
 -0.080
  0.075
  0.395
  0.815
  1.335
  1.845
  2.340
  2.600
  2.700
  2.725
  2.715
  2.715
  2.715
  2.030
  1.105
  0.530
  0.055
 -0.095
 -0.180
 -0.235
 -0.280
 -0.330
 -0.380
 -0.405
 -0.435
 -0.455
 -0.475
 -0.475
 -0.475
 -0.480
 -0.485
 -0.485
 -0.485
 -0.485
 -0.485
 -0.485
 -0.480
 -0.470
 -0.465
 -0.470
 -0.475
 -0.475
 -0.470
 -0.465
 -0.465
 -0.465
 -0.465
 -0.465
 -0.470
 -0.480
 -0.485
 -0.485
 -0.485
 -0.490
 -0.505
 -0.520
 -0.540
 -0.570
 -0.590
 -0.610
 -0.645
 -0.680
 -0.710
 -0.740
 -0.775
 -0.815
 -0.825
 -0.835
 -0.835
 -0.830
 -0.805
 -0.775
 -0.735
 -0.690
 -0.630
 -0.570
 -0.505
 -0.445
 -0.375
 -0.315
 -0.270
 -0.225
 -0.185
 -0.155
 -0.135
 -0.120
 -0.105
 -0.095
 -0.085
 -0.080
 -0.075
 -0.075
 -0.080
 -0.080
 -0.075
 -0.070
 -0.065
 -0.065
 -0.065
 -0.060
 -0.055
 -0.050
 -0.045
 -0.040
 -0.035
 -0.030
 -0.025
 -0.015
 -0.010
 -0.005
  0.000
  0.000
  0.005
  0.010
  0.015
  0.020
  0.025
  0.025
  0.030
  0.050
  0.070
  0.090
  0.105
  0.110
  0.135
  0.190
  0.255
  0.325
  0.365
  0.370
  0.405
  0.460
  0.445
  0.385
  0.320
  0.255
  0.195
  0.145
  0.090
  0.035
  0.000
 -0.035
 -0.055
 -0.070
 -0.080
 -0.090
 -0.100
 -0.110
 -0.115
 -0.125
 -0.135
 -0.145
 -0.145
 -0.140
 -0.135
 -0.135
 -0.135
 -0.130
 -0.125
 -0.125
 -0.125
 -0.125
 -0.130
 -0.090
  0.030
  0.260
  0.665
  1.135
  1.695
  2.180
  2.585
  2.765
  2.755
  2.745
  2.735
  2.575
  2.315
  1.580
  0.605
  0.175
 -0.040
 -0.150
 -0.230
 -0.270
 -0.305
 -0.355
 -0.410
 -0.430
 -0.450
 -0.465