  0.050
  0.050
  0.055
  0.055
  0.040
  0.040
  0.040
  0.040
  0.040
  0.045
  0.045
  0.045
  0.050
  0.050
  0.055
  0.060
  0.055
  0.055
  0.055
  0.055
  0.050
  0.050
  0.055
  0.050
  0.050
  0.050
  0.075
  0.090
  0.100
  0.100
  0.100
  0.100
  0.115
  0.155
  0.185
  0.200
  0.200
  0.200
  0.190
  0.190
  0.180
  0.150
  0.120
  0.095
  0.090
  0.080
  0.070
  0.065
  0.060
  0.050
  0.050
  0.050
  0.045
  0.045
  0.035
  0.025
  0.025
  0.025
  0.025
  0.025
  0.030
  0.025
  0.020
  0.005
 -0.030
 -0.065
 -0.070
  0.000
  0.190
  0.480
  0.860
  1.275
  1.605
  1.740
  1.560
  1.050
  0.430
 -0.055
 -0.285
 -0.330
 -0.315
 -0.295
 -0.290
 -0.290
 -0.285
 -0.285
 -0.285
 -0.285
 -0.280
 -0.275
 -0.260
 -0.210
 -0.155
 -0.105
 -0.065
 -0.045
 -0.025
 -0.015
  0.000
  0.005
  0.025
  0.040
  0.055
  0.055
  0.060
  0.070
  0.075
  0.075
  0.080
  0.080
  0.085
  0.085
  0.090
  0.090
  0.090
  0.105
  0.110
  0.120
  0.125
  0.120
  0.110
  0.115
  0.130
  0.145
  0.155
  0.170
  0.175
  0.195
  0.200
  0.205
  0.200
  0.205
  0.205
  0.195
  0.225
  0.240
  0.265
  0.285
  0.295
  0.300
  0.320
  0.320
  0.350
  0.380
  0.405
  0.405
  0.410
  0.410
  0.410
  0.415
  0.415
  0.405
  0.385
  0.365
  0.360
  0.355
  0.360
  0.350
  0.320
  0.280
  0.245
  0.230
  0.230
  0.235
  0.235
  0.210
  0.205
  0.200
  0.190
  0.155
  0.105
  0.090
  0.090
  0.095
  0.105
  0.105
  0.100
  0.100
  0.105
  0.105
  0.110
  0.110
  0.115
  0.115
  0.115
  0.115
  0.115
  0.110
  0.110
  0.115
  0.105
  0.095
  0.085
  0.085
  0.090
  0.090
  0.085
  0.075
  0.065
  0.065
  0.070
  0.070
  0.070
  0.070
  0.065
  0.060
  0.055
  0.055
  0.055
  0.060
  0.055
  0.045
  0.035
  0.025
  0.015
  0.015
  0.020
  0.035
  0.050
  0.060
  0.060
  0.050
  0.030
  0.020
  0.010
  0.015
  0.015
  0.010
  0.015
  0.025
  0.045
  0.040
  0.015
 -0.005
  0.000
  0.005
  0.010
  0.010
 -0.005
  0.000
  0.000
  0.000
  0.015
  0.035
  0.040
  0.045
  0.055
  0.055
  0.040
  0.005
 -0.010
 -0.020
 -0.030
 -0.040
 -0.045
 -0.035
 -0.030
  0.015
  0.060
  0.095
  0.105
  0.110
  0.090
  0.060
  0.055
  0.055
  0.115
  0.145
  0.150
  0.125
  0.100
  0.100
  0.095
  0.090
  0.065
  0.015
 -0.010
 -0.010
 -0.010
 -0.020
 -0.025
 -0.025
 -0.020
 -0.015
 -0.020
 -0.040
 -0.050
 -0.050
 -0.045
 -0.035
 -0.035
 -0.035
 -0.040
 -0.035
 -0.045
 -0.120
 -0.185
 -0.195
 -0.105
  0.075
  0.325
  0.650
  1.050
  1.430
  1.615
  1.530
  1.100
  0.460
 -0.100
 -0.415
 -0.485
 -0.420
 -0.345
 -0.330
 -0.345
 -0.360
 -0.365
 -0.370
 -0.370
 -0.360
 -0.345
 -0.330
 -0.305
 -0.260
 -0.210
 -0.160
 -0.130
 -0.115
 -0.095
 -0.080
 -0.075
 -0.060
 -0.050
 -0.040
 -0.035
 -0.020
 -0.005
 -0.005
 -0.005
  0.000
  0.000
 -0.005
 -0.005
  0.000
  0.000
  0.000
  0.010
  0.010
  0.015
  0.025
  0.025
  0.025
  0.030
  0.030
  0.030
  0.040
  0.040
  0.040
  0.055
  0.065
  0.080
  0.080
  0.095
  0.105
  0.110
  0.125
  0.135
  0.150
  0.155
  0.175
  0.190
  0.200
  0.220
  0.225
  0.230
  0.230
  0.245
  0.250
  0.255
  0.255
  0.255
  0.260
  0.265
  0.265
  0.260
  0.240
  0.240
  0.240
  0.210
  0.210
  0.180
  0.145
  0.105
  0.070
  0.060
  0.060
  0.055
  0.040
  0.015
  0.000
 -0.005
 -0.005
 -0.010
 -0.030
 -0.035
 -0.040
 -0.045
 -0.040
 -0.040
 -0.045
 -0.045
 -0.045
 -0.045
 -0.035
 -0.040
 -0.045
 -0.050
 -0.050
 -0.055
 -0.050
 -0.050
 -0.045
 -0.055
 -0.060
 -0.065
 -0.065
 -0.065
 -0.070
 -0.075
 -0.085
 -0.090
 -0.090
 -0.090
 -0.090
 -0.100
 -0.115
 -0.115
 -0.110
 -0.110
 -0.115
 -0.120
 -0.115
 -0.115
 -0.120
 -0.125
 -0.135
 -0.150
 -0.155
 -0.145
 -0.140
 -0.135
 -0.135
 -0.135
 -0.130
 -0.125
 -0.125
 -0.130
 -0.130
 -0.130
 -0.130
 -0.125
 -0.110
 -0.085
 -0.085
 -0.095
 -0.100
 -0.115
 -0.135
 -0.160
 -0.155
 -0.150
 -0.135
 -0.125
 -0.115
 -0.110
 -0.110
 -0.105
 -0.085
 -0.050
 -0.025
 -0.010
  0.010
  0.000
  0.000
  0.000
 -0.005
 -0.005
 -0.025
 -0.050
 -0.065
 -0.090
 -0.120
 -0.145
 -0.185
 -0.190
 -0.190
 -0.190
 -0.185
 -0.180
 -0.195
 -0.185
 -0.185
 -0.175
 -0.175
 -0.175
 -0.180
 -0.165
 -0.170
 -0.185
 -0.215
 -0.275
 -0.280
 -0.245
 -0.035
  0.325
  0.800
  1.300
  1.755
  1.995
  1.925
  1.370
  0.560
 -0.165
 -0.540
 -0.615
 -0.555
 -0.500
 -0.490
 -0.505
 -0.540
 -0.540
 -0.555
 -0.550
 -0.550
 -0.555
 -0.545
 -0.490
 -0.425
 -0.370
 -0.310
 -0.265
 -0.245
 -0.235
 -0.215
 -0.200
 -0.175
 -0.160
 -0.160
 -0.155
 -0.155
 -0.150
 -0.140
 -0.140
 -0.130
 -0.125
 -0.125
 -0.120
 -0.100
 -0.075
 -0.075
 -0.075
 -0.080
 -0.090
 -0.090
 -0.075
 -0.060
 -0.050
 -0.045
 -0.040
 -0.030
 -0.035
 -0.025
 -0.010
  0.000
  0.020
  0.045
  0.065
  0.085
  0.100
  0.115
  0.125
  0.125
  0.145
  0.165
  0.175
  0.185
  0.190
  0.200
  0.220
  0.240
  0.265
  0.280
  0.290
  0.290
  0.290
  0.285
  0.270
  0.260
  0.225
  0.205
  0.190
  0.165
  0.125
  0.080
  0.070
  0.045
  0.025
  0.000
 -0.015
 -0.030
 -0.040
 -0.040
 -0.060
 -0.060
 -0.080
 -0.095
 -0.100
 -0.110
 -0.120
 -0.110
 -0.100
 -0.095
 -0.095
 -0.105
 -0.105
 -0.110
 -0.115
 -0.115
 -0.115
 -0.115
 -0.115
 -0.105
 -0.095
 -0.095
 -0.095
 -0.095
 -0.100
 -0.100
 -0.090
 -0.095
 -0.110
 -0.125
 -0.130
 -0.125
 -0.120
 -0.120
 -0.135
 -0.155
 -0.160
 -0.165
 -0.175
 -0.180
 -0.170
 -0.170
 -0.165
 -0.165
 -0.165
 -0.160
 -0.160
 -0.160
 -0.165
 -0.160
 -0.160
 -0.160
 -0.160
 -0.165
 -0.170
 -0.175
 -0.175
 -0.170
 -0.170
 -0.170
 -0.180
 -0.190
 -0.180
 -0.155
 -0.115
 -0.105
 -0.105
 -0.095
 -0.100
 -0.105
 -0.105
 -0.095
 -0.070
 -0.040
 -0.035
 -0.035
 -0.035
 -0.045
 -0.040
 -0.040
 -0.050
 -0.085
 -0.120
 -0.140
 -0.165
 -0.190
 -0.200
 -0.200
 -0.200
 -0.195
 -0.195
 -0.205
 -0.205
 -0.190
 -0.160
 -0.165
 -0.200
 -0.230
 -0.235
 -0.225
 -0.215
 -0.225
 -0.260
 -0.290
 -0.255
 -0.105
  0.170
  0.555
  0.995
  1.440
  1.770
  1.870
  1.645
  1.035
  0.275
 -0.350
 -0.640
 -0.645
 -0.580
 -0.505
 -0.505
 -0.535
 -0.570
 -0.580
 -0.580
 -0.570
 -0.575
 -0.575
 -0.590
 -0.585
 -0.550
 -0.485
 -0.395
 -0.330
 -0.305
 -0.305
 -0.305
 -0.300
 -0.295
 -0.255
 -0.205
 -0.195
 -0.190
 -0.185
 -0.185
 -0.155
 -0.140
 -0.135
 -0.130
 -0.130
 -0.135
 -0.135
 -0.115
 -0.095
 -0.080
 -0.085
 -0.095
 -0.085
 -0.085
 -0.085
 -0.075
 -0.075
 -0.080
 -0.060
 -0.075
 -0.060
 -0.020
  0.005
  0.010
  0.025
  0.020
  0.025
  0.025
  0.040
  0.055
  0.060
  0.070
  0.095
  0.120
  0.140
  0.155
  0.165
  0.165
  0.180
  0.255
  0.305
  0.290
  0.230
  0.160
  0.110
  0.085
  0.055
  0.025
  0.005
 -0.005
 -0.020
 -0.050
 -0.095
 -0.125
 -0.130
 -0.130
 -0.130
 -0.135
 -0.135
 -0.135
 -0.130
 -0.130
 -0.120
 -0.110
 -0.105
 -0.105
 -0.115
 -0.120
 -0.120
 -0.135
 -0.130
 -0.110
 -0.100
 -0.080
 -0.080
 -0.065
  0.035
  0.280
  0.615
  0.965
  1.300
  1.590
  1.785
  1.795
  1.570
  1.010
  0.315
 -0.210
 -0.410
 -0.400
 -0.340
 -0.310
 -0.330
 -0.375
 -0.405
 -0.415
 -0.450
 -0.480
 -0.490
 -0.495
 -0.465
 -0.425
 -0.365
 -0.290
 -0.225
 -0.185
 -0.160
 -0.145
 -0.125
 -0.095
 -0.085
 -0.090
 -0.090
 -0.090
 -0.085
 -0.080
 -0.070
 -0.065
 -0.065
 -0.050
 -0.050
 -0.045
 -0.040
 -0.020
 -0.015
 -0.010
 -0.010
 -0.010
  0.000
  0.020
  0.040
  0.065
  0.075
  0.075
  0.075
  0.135
  0.170
  0.195
  0.210
  0.250
  0.265
  0.290
  0.315
  0.340
  0.370
  0.390
  0.400
  0.425
  0.435
  0.445
  0.450
  0.435
  0.420
  0.395
  0.370
  0.345
  0.305
  0.260
  0.220
  0.180
  0.150
  0.120
  0.090
  0.060
  0.040
  0.025
  0.005
 -0.010
 -0.025
 -0.040
 -0.050
 -0.055
 -0.065
 -0.085
 -0.090
 -0.090
 -0.090
 -0.090
 -0.090
 -0.090
 -0.090
 -0.095
 -0.085
 -0.080
 -0.085
 -0.085
 -0.085
 -0.085
 -0.085
 -0.085
 -0.080
 -0.080
 -0.080
 -0.090
 -0.085
 -0.085
 -0.090
 -0.085
 -0.090
 -0.090
 -0.090
 -0.095
 -0.095
 -0.095
 -0.085
 -0.085
 -0.100
 -0.110
 -0.115
 -0.120
 -0.120
 -0.120
 -0.120
 -0.120
 -0.120
 -0.115
 -0.115
 -0.115
 -0.115
 -0.110
 -0.105
 -0.120
 -0.115
 -0.110
 -0.110
 -0.110
 -0.110
 -0.115
 -0.115
 -0.115
 -0.115
 -0.110
 -0.095
 -0.095
 -0.095
 -0.095
 -0.100
 -0.100
 -0.105
 -0.100
 -0.100
 -0.100
 -0.100
 -0.115
 -0.105
 -0.105
 -0.115
 -0.110
 -0.110
 -0.100
 -0.100
 -0.100
 -0.100
 -0.100
 -0.105
 -0.095
 -0.095
 -0.095
 -0.100
 -0.105
 -0.095
 -0.095
 -0.100
 -0.100
 -0.100
 -0.100
 -0.085
 -0.085
 -0.090
 -0.090
 -0.085
 -0.085
 -0.085
 -0.085
 -0.085
 -0.085
 -0.080
 -0.080
 -0.080
 -0.070
 -0.080
 -0.075
 -0.075
 -0.080
 -0.075
 -0.080
 -0.080
 -0.065
 -0.050
 -0.025
 -0.010
 -0.005
 -0.005
 -0.005
 -0.010
 -0.010
 -0.005
  0.005
  0.020
  0.025
  0.025
  0.025
  0.015
  0.010
  0.000
  0.000
 -0.005
 -0.015
 -0.020
 -0.035
 -0.050
 -0.055
 -0.045
 -0.045
 -0.060
 -0.075
 -0.075
 -0.080
 -0.080
 -0.090
 -0.095
 -0.090
 -0.090
 -0.090
 -0.080
 -0.085
 -0.120
 -0.165
 -0.175
 -0.090
  0.160
  0.585
  1.105
  1.630
  2.065
  2.265
  2.130
  1.530
  0.655
 -0.120
 -0.530
 -0.590
 -0.510
 -0.415
 -0.410
 -0.420
 -0.445
 -0.465
 -0.465
 -0.460
 -0.455
 -0.455
 -0.430
 -0.375
 -0.300
 -0.240
 -0.175
 -0.135
 -0.115
 -0.110
 -0.105
 -0.100
 -0.090
 -0.065
 -0.050
 -0.050
 -0.045
 -0.035
 -0.030
 -0.030
 -0.030
 -0.025
 -0.015
 -0.005
  0.000
  0.000
  0.000
  0.000
  0.000
  0.000
  0.005
  0.005
  0.015
  0.020
  0.025
  0.030
  0.055
  0.090
  0.105
  0.110
  0.115
  0.120
  0.130
  0.150
  0.170
  0.195
  0.220
  0.240
  0.270
  0.295
  0.325
  0.350
  0.380
  0.405
  0.415
  0.425
  0.440
  0.460
  0.485
  0.505
  0.520
  0.530
  0.535
  0.530
  0.530
  0.530
  0.530
  0.520
  0.500
  0.475
  0.440
  0.400
  0.365
  0.330
  0.290
  0.255
  0.225
  0.210
  0.195
  0.175
  0.155
  0.140
  0.130
  0.130
  0.120
  0.115
  0.110
  0.105
  0.100
  0.090
  0.080
  0.075
  0.075
  0.080
  0.080
  0.075
  0.070
  0.070
  0.070
  0.070
  0.070
  0.070
  0.070
  0.065
  0.065
  0.070
  0.060
  0.060
  0.060
  0.065
  0.055
  0.050
  0.030
  0.010
  0.005
  0.005
  0.005
  0.005
  0.000
  0.000
  0.000
  0.000
 -0.005
 -0.005
 -0.005
 -0.005
 -0.005
 -0.015
 -0.015
 -0.020
 -0.020
 -0.005
 -0.005
  0.000
  0.000
  0.000
  0.005
  0.015
  0.030
  0.025
  0.030
  0.030
  0.030
  0.035
  0.035
  0.035
  0.040
  0.035
  0.035
  0.045
  0.035
  0.025
  0.005
  0.005
  0.010
  0.010
  0.005
  0.000
 -0.005
 -0.005
 -0.020
 -0.025
 -0.040
 -0.050
 -0.055
 -0.050
 -0.055
 -0.060
 -0.060
 -0.055
 -0.055
 -0.060
 -0.060
 -0.075
 -0.125
 -0.165
 -0.145
  0.015
  0.320
  0.750
  1.270
  1.790
  2.200
  2.330
  2.010
  1.285
  0.425
 -0.230
 -0.510
 -0.525
 -0.430
 -0.375
 -0.370
 -0.370
 -0.375
 -0.380
 -0.385
 -0.390
 -0.385
 -0.370
 -0.350
 -0.315
 -0.260
 -0.195
 -0.145
 -0.110
 -0.090
 -0.070
 -0.050
 -0.030
 -0.020
 -0.020
 -0.020
 -0.010
  0.000
  0.005
  0.005
  0.010
  0.015
  0.015
  0.020
  0.020
  0.025
  0.030
  0.035
  0.045
  0.055
  0.060
  0.070
  0.090
  0.110
  0.110
  0.110
  0.105
  0.115
  0.135
  0.155
  0.170
  0.180
  0.195
  0.210
  0.240
  0.270
  0.305
  0.325
  0.350
  0.370
  0.415
  0.450
  0.465
  0.470
  0.480
  0.490
  0.515
  0.530
  0.530
  0.530
  0.525
  0.530
  0.515
  0.490
  0.430
  0.385
  0.365
  0.345
  0.320
  0.275
  0.230
  0.200
  0.175
  0.160
  0.135
  0.115
  0.095
  0.080
  0.080
  0.055
  0.050
  0.045
  0.040
  0.035
  0.030
  0.025
  0.020
  0.015
  0.015
  0.020
  0.020
  0.015
  0.015
  0.010
  0.010
  0.010
  0.015
  0.015
  0.010
  0.015
  0.010
  0.015
  0.015
  0.020
  0.010
  0.005
  0.000
  0.005
  0.010
  0.005
 -0.005
 -0.005
 -0.005
 -0.005
  0.000
 -0.005
 -0.005
  0.000
 -0.005
 -0.005
 -0.005
 -0.005
 -0.015
 -0.020
 -0.010
 -0.015
 -0.015
 -0.015
 -0.020
 -0.010
 -0.015
 -0.020
 -0.020
 -0.025
 -0.025
 -0.020
 -0.020
 -0.020
 -0.020
 -0.025
 -0.025
 -0.020
 -0.015
 -0.010
 -0.010
 -0.010
 -0.010
 -0.005
 -0.005
 -0.015
 -0.015
 -0.015
 -0.015
 -0.010
 -0.010
 -0.015
 -0.015
 -0.015
 -0.010
 -0.010
 -0.015
 -0.010
 -0.005
 -0.015
 -0.010
 -0.010
 -0.015
 -0.015
 -0.010
  0.000
  0.020
  0.040
  0.055
  0.055
  0.055
  0.060
  0.075
  0.105
  0.125
  0.130
  0.140
  0.130
  0.115
  0.110
  0.100
  0.065
  0.045
  0.030
  0.025
  0.020
  0.005
 -0.005
 -0.010
 -0.025
 -0.025
 -0.025
 -0.030
 -0.030
 -0.040
 -0.050
 -0.055
 -0.055
 -0.060
 -0.060
 -0.060
 -0.055
 -0.055
 -0.095
 -0.145
 -0.150
 -0.070
  0.200
  0.630
  1.150
  1.675
  2.120
  2.345
  2.205
  1.595
  0.720
 -0.065
 -0.475
 -0.540
 -0.420
 -0.335
 -0.330
 -0.345
 -0.365
 -0.375
 -0.390
 -0.395
 -0.395
 -0.390
 -0.370
 -0.320
 -0.260
 -0.195
 -0.135
 -0.100
 -0.085
 -0.065
 -0.050
 -0.030
 -0.025
 -0.025
 -0.025
 -0.010
  0.000
  0.000
  0.000
  0.005
  0.005
  0.005
  0.010
  0.020
  0.030
  0.040
  0.045
  0.050
  0.050
  0.050
  0.055
  0.065
  0.075
  0.085
  0.100
  0.120
  0.130
  0.135
  0.135
  0.150
  0.175
  0.200
  0.215
  0.235
  0.255
  0.280
  0.300
  0.320
  0.350
  0.385
  0.410
  0.420
  0.445
  0.465
  0.485
  0.510
  0.535
  0.555
  0.570
  0.570
  0.575
  0.575
  0.570
  0.545
  0.510
  0.485
  0.460
  0.430
  0.390
  0.350
  0.325
  0.305
  0.270
  0.235
  0.215
  0.185
  0.170
  0.155
  0.125
  0.105
  0.090
  0.085
  0.085
  0.080
  0.080
  0.075
  0.075
  0.075
  0.075
  0.070
  0.070
  0.065
  0.055
  0.055
  0.055
  0.060
  0.065
  0.065
  0.070
  0.070
  0.060
  0.060
  0.065
  0.065
  0.065
  0.065
  0.065
  0.055
  0.050
  0.050
  0.050
  0.040
  0.040
  0.035
  0.035
  0.035
  0.030
  0.025
  0.020
  0.020
  0.010
  0.015
  0.020
  0.020
  0.015
  0.010
  0.010
  0.000
  0.000
  0.005
  0.005
  0.000
  0.000
  0.000
  0.005
  0.005
  0.005
  0.005
  0.005
  0.000
  0.000
 -0.005
 -0.005
  0.000
  0.000
  0.000
 -0.005
 -0.005
 -0.005
 -0.005
 -0.005
 -0.005
  0.000
  0.000
 -0.005
  0.000
  0.000
 -0.005
 -0.010
 -0.010
 -0.010
 -0.010
  0.000
  0.000
  0.000
  0.000
  0.000
 -0.005
 -0.005
  0.000
  0.005
  0.005
  0.005
  0.005
  0.005
  0.005
  0.000
  0.000
  0.005
  0.015
  0.040
  0.050
  0.050
  0.050
  0.045
  0.065
  0.090
  0.125
  0.140
  0.140
  0.140
  0.140
  0.135
  0.130
  0.105
  0.070
  0.045
  0.030
  0.025
  0.020
  0.000
  0.000
 -0.010
 -0.005
 -0.005
 -0.010
 -0.010
 -0.020
 -0.020
 -0.020
 -0.015
 -0.020
 -0.030
 -0.035
 -0.030
 -0.030
 -0.035
 -0.040
 -0.110
 -0.145
 -0.125
  0.070
  0.430
  0.900
  1.445
  1.955
  2.330
  2.390
  1.985
  1.155
  0.250
 -0.345
 -0.500
 -0.435
 -0.345
 -0.330
 -0.350
 -0.395
 -0.400
 -0.400
 -0.400
 -0.385
 -0.395
 -0.380
 -0.330
 -0.260
 -0.195
 -0.145
 -0.110
 -0.085
 -0.050
 -0.035
 -0.020
 -0.015
 -0.010
 -0.005
 -0.010
 -0.005
  0.000
  0.010
  0.020
  0.030
  0.030
  0.030
  0.035
  0.030
  0.045
  0.060
  0.065
  0.070
  0.070
  0.085
  0.095
  0.095
  0.100
  0.105
  0.115
  0.130
  0.155
  0.175
  0.175
  0.175
  0.180
  0.200
  0.225
  0.245
  0.260
  0.280
  0.315
  0.345
  0.360
  0.385
  0.420
  0.450
  0.465
  0.470
  0.485
  0.490
  0.505
  0.520
  0.530
  0.540
  0.545
  0.540
  0.530
  0.515
  0.500
  0.480
  0.440
  0.405
  0.365
  0.320
  0.285
  0.260
  0.225
  0.205
  0.185
  0.165
  0.145
  0.130
  0.110
  0.105
  0.100
  0.095
  0.090
  0.080
  0.060
  0.055
  0.055
  0.050
  0.060
  0.060
  0.060
  0.060
  0.055
  0.055
  0.060
  0.060
  0.065
  0.055
  0.050
  0.060
  0.065
  0.065
  0.065
  0.060
  0.065
  0.060
  0.055
  0.055
  0.055
  0.060
  0.050
  0.045
  0.040
  0.035
  0.035
  0.035
  0.040
  0.040
  0.040
  0.040
  0.035
  0.035
  0.030
  0.030
  0.025
  0.030
  0.025
  0.020
  0.020
  0.015
  0.025
  0.030
  0.010
  0.005
  0.010
  0.015
  0.005
  0.010
  0.015
  0.000
  0.005
  0.010
  0.010
  0.010
  0.010
  0.015
  0.015
  0.010
  0.010
  0.005
  0.005
  0.010
  0.005
  0.010
  0.015
  0.010
  0.010
  0.010
  0.005
  0.010
  0.015
  0.015
  0.020
  0.015
  0.010
  0.015
  0.015
  0.015
  0.015
  0.015
  0.015
  0.010
  0.010
  0.020
  0.020
  0.015
  0.015
  0.020
  0.020
  0.015
  0.015
  0.015
  0.015
  0.015
  0.015
  0.020
  0.025
  0.040
  0.055
  0.065
  0.075
  0.075
  0.090
  0.115
  0.140
  0.160
  0.160
  0.170
  0.165
  0.160
  0.150
  0.135
  0.105
  0.075
  0.045
  0.045
  0.040
  0.040
  0.035
  0.025
  0.020
  0.010
  0.000
  0.005
  0.005
  0.000
  0.000
 -0.005
 -0.005
 -0.010
 -0.010
 -0.015
 -0.010
 -0.010
 -0.015
 -0.045
 -0.090
 -0.110
 -0.095
  0.105
  0.485
  0.985
  1.535
  2.070
  2.390
  2.405
  1.900
  1.020
  0.130
 -0.385
 -0.490
 -0.405
 -0.325
 -0.315
 -0.360
 -0.390
 -0.395
 -0.395
 -0.390
 -0.390
 -0.380
 -0.340
 -0.295
 -0.230
 -0.165
 -0.090
 -0.060
 -0.045
 -0.035
 -0.035
 -0.015
 -0.015
  0.000
  0.015
  0.025
  0.035
  0.040
  0.040
  0.035
  0.040
  0.045
  0.050
  0.060
  0.065
  0.075
  0.085
  0.095
  0.105
  0.105
  0.100
  0.105
  0.100
  0.110
  0.125
  0.135
  0.145
  0.150
  0.155
  0.170
  0.185
  0.210
  0.230
  0.250
  0.280
  0.310
  0.325
  0.340
  0.365
  0.395
  0.415
  0.430
  0.440
  0.465
  0.510
  0.535
  0.545
  0.550
  0.555
  0.580
  0.585
  0.585
  0.575
  0.555
  0.525
  0.505
  0.480
  0.445
  0.410
  0.375
  0.335
  0.310
  0.280
  0.270
  0.240
  0.210
  0.185
  0.165
  0.165
  0.155
  0.130
  0.125
  0.110
  0.110
  0.100
  0.100
  0.095
  0.085
  0.085
  0.085
  0.085
  0.095
  0.095
  0.085
  0.090
  0.085
  0.095
  0.095
  0.100
  0.100
  0.095
  0.095
  0.095
  0.095
  0.090
  0.090
  0.100
  0.085
  0.090
  0.090
  0.075
  0.080
  0.085
  0.080
  0.080
  0.075
  0.055
  0.055
  0.055
  0.055
  0.045
  0.035
  0.030
  0.030
  0.030
  0.030
  0.030
  0.035
  0.035
  0.035
  0.030
  0.030
  0.035
  0.025
  0.025
  0.025
  0.030
  0.030
  0.030
  0.030
  0.025
  0.025
  0.030
  0.030
  0.025
  0.025
  0.020
  0.025
  0.025
  0.025
  0.030
  0.030
  0.030
  0.025
  0.020
  0.025
  0.020
  0.025
  0.025
  0.020
  0.025
  0.020
  0.020
  0.020
  0.020
  0.025
  0.025
  0.020
  0.015
  0.010
  0.010
  0.010
  0.015
  0.015
  0.025
  0.025
  0.025
  0.025
  0.025
  0.025
  0.020
  0.020
  0.030
  0.025
  0.025
  0.025
  0.025
  0.015
  0.025
  0.030
  0.040
  0.045
  0.045
  0.055
  0.060
  0.075
  0.090
  0.080
  0.080
  0.080
  0.100
  0.125
  0.160
  0.170
  0.170
  0.165
  0.135
  0.125
  0.120
  0.110
  0.090
  0.075
  0.060
  0.050
  0.030
  0.025
  0.020
  0.025
  0.020
  0.020
  0.020
  0.015
  0.010
  0.005
  0.005
  0.005
  0.000
  0.005
  0.000
  0.000
 -0.005
 -0.015
 -0.050
 -0.095
 -0.095
  0.050
  0.375
  0.835
  1.380
  1.925
  2.325
  2.430
  2.135
  1.375
  0.460
 -0.210
 -0.455
 -0.435
 -0.315
 -0.275
 -0.290
 -0.345
 -0.365
 -0.365
 -0.355
 -0.360
 -0.350
 -0.340
 -0.295
 -0.235
 -0.170
 -0.120
 -0.075
 -0.050
 -0.030
 -0.010
  0.000
  0.015
  0.025
  0.025
  0.035
  0.050
  0.055
  0.060
  0.065
  0.065
  0.070
  0.080
  0.080
  0.080
  0.080
  0.085
  0.090
  0.095
  0.100
  0.115
  0.120
  0.130
  0.140
  0.145
  0.155
  0.160
  0.165
  0.170
  0.190
  0.210
  0.230
  0.245
  0.255
  0.270
  0.290
  0.320
  0.345
  0.365
  0.375
  0.400
  0.425
  0.440
  0.465
  0.500
  0.520
  0.540
  0.545
  0.545
  0.560
  0.580
  0.585
  0.600
  0.595
  0.575
  0.535
  0.500
  0.480
  0.465
  0.435
  0.375
  0.325
  0.310
  0.295
  0.285
  0.265
  0.225
  0.195
  0.175
  0.160
  0.150
  0.145
  0.130
  0.130
  0.120
  0.115
  0.115
  0.110
  0.095
  0.100
  0.105
  0.105
  0.105
  0.105
  0.105
  0.105
  0.105
  0.105
  0.105
  0.100
  0.100
  0.105
  0.110
  0.105
  0.100
  0.085
  0.085
  0.090
  0.090
  0.090
  0.080
  0.080
  0.070
  0.070
  0.075
  0.070
  0.070
  0.075
  0.060
  0.060
  0.060
  0.050
  0.050
  0.040
  0.045
  0.050
  0.045
  0.045
  0.040
  0.030
  0.030
  0.035
  0.040
  0.045
  0.035
  0.035
  0.035
  0.030
  0.030
  0.030
  0.030
  0.025
  0.020
  0.010
  0.010
  0.010
  0.005
  0.005
  0.005
  0.005
  0.010
  0.015
  0.020
  0.010
  0.005
  0.010
  0.005
  0.005
  0.005
  0.005
  0.010
  0.010
  0.010
  0.005
  0.010
  0.010
  0.015
  0.010
  0.005
  0.010
  0.005
  0.005
  0.010
  0.010
  0.005
  0.005
  0.010
  0.005
  0.005
  0.000
  0.000
  0.000
  0.000
  0.000
  0.005
  0.005
  0.005
  0.005
  0.010
  0.015
  0.005
  0.005
  0.010
  0.005
  0.025
  0.040
  0.055
  0.065
  0.060
  0.060
  0.060
  0.065
  0.100
  0.130
  0.135
  0.130
  0.125
  0.100
  0.090
  0.080
  0.065
  0.040
  0.025
  0.015
  0.005
  0.000
  0.000
 -0.005
 -0.010
 -0.020
 -0.020
 -0.025
 -0.025
 -0.025
 -0.025
 -0.035
 -0.025
 -0.025
 -0.025
 -0.030
 -0.030
 -0.035
 -0.065
 -0.110
 -0.140
 -0.115
  0.080
  0.415
  0.885
  1.410
  1.935
  2.305
  2.375
  1.960
  1.155
  0.275
 -0.300
 -0.490
 -0.470
 -0.380
 -0.350
 -0.350
 -0.375
 -0.390
 -0.390
 -0.390
 -0.385
 -0.385
 -0.380
 -0.345
 -0.290
 -0.220
 -0.165
 -0.130
 -0.105
 -0.085
 -0.070
 -0.050
 -0.035
 -0.025
 -0.020
 -0.020
 -0.020
 -0.015
 -0.005
  0.005
  0.015
  0.020
  0.025
  0.030
  0.040
  0.050
  0.055
  0.045
  0.040
  0.045
  0.065
  0.080
  0.085
  0.085
  0.085
  0.100
  0.115
  0.125
  0.135
  0.150
  0.160
  0.160
  0.170
  0.170
  0.190
  0.230
  0.250
  0.265
  0.285
  0.310
  0.340
  0.360
  0.380
  0.410
  0.440
  0.455
  0.465
  0.465
  0.470
  0.495
  0.515
  0.520
  0.515
  0.500
  0.480
  0.470
  0.445
  0.425
  0.405
  0.370
  0.320
  0.285
  0.260
  0.235
  0.195
  0.165
  0.145
  0.130
  0.115
  0.110
  0.105
  0.105
  0.085
  0.055
  0.050
  0.045
  0.045
  0.050
  0.045
  0.045
  0.050
  0.050
  0.050
  0.045
  0.045
  0.055
  0.050
  0.060
  0.060
  0.060
  0.065
  0.060
  0.060
  0.060
  0.050
  0.045
  0.035
  0.030
  0.035
  0.030
  0.030
  0.035
  0.035
  0.035
  0.035
  0.030
  0.030
  0.030
  0.035
  0.030
  0.030
  0.015
  0.020
  0.015
  0.010
  0.010
  0.000
  0.000
 -0.005
 -0.005
 -0.005
  0.000
  0.000
 -0.005
 -0.010
 -0.015
 -0.010
 -0.010
 -0.005
 -0.005
 -0.005
 -0.010
 -0.015
 -0.005
  0.000
 -0.005
 -0.005
 -0.005
 -0.005
 -0.005
  0.000
  0.000
  0.000
  0.000
 -0.005
 -0.005
 -0.015
 -0.020
 -0.020
 -0.015
 -0.015
 -0.015
 -0.020
 -0.015
 -0.015
 -0.015
 -0.015
 -0.010
 -0.010
 -0.015
 -0.015
 -0.005
 -0.005
 -0.005
 -0.005
 -0.015
 -0.015
 -0.005
 -0.010
 -0.015
 -0.010
 -0.015
 -0.010
 -0.005
 -0.005
 -0.005
 -0.010
 -0.015
 -0.010
 -0.005
 -0.010
 -0.010
 -0.015
 -0.005
  0.000
  0.010
  0.025
  0.040
  0.040
  0.050
  0.060
  0.065
  0.070
  0.100
  0.125
  0.125
  0.130
  0.130
  0.125
  0.110
  0.080
  0.060
  0.035
  0.025
  0.010
  0.005
  0.005
  0.000
 -0.015
 -0.030
 -0.035
 -0.035
 -0.035
 -0.035
 -0.035
 -0.040
 -0.040
 -0.035
 -0.035
 -0.025
 -0.030
 -0.035
 -0.060
 -0.110
 -0.140
 -0.140
  0.000
  0.305
  0.755
  1.280
  1.820
  2.240
  2.390
  2.135
  1.395
  0.465
 -0.235
 -0.490
 -0.465
 -0.370
 -0.320
 -0.325
 -0.355
 -0.380
 -0.385
 -0.385
 -0.385
 -0.390
 -0.380
 -0.340
 -0.290
 -0.245
 -0.195
 -0.145
 -0.120
 -0.105
 -0.085
 -0.070
 -0.055
 -0.040
 -0.025
 -0.010
  0.000
  0.015
  0.005
  0.005
  0.010
  0.015
  0.020
  0.030
  0.030
  0.035
  0.050
  0.050
  0.050
  0.055
  0.060
  0.065
  0.075
  0.080
  0.095
  0.110
  0.120
  0.120
  0.130
  0.145
  0.155
  0.165
  0.175
  0.195
  0.210
  0.230
  0.250
  0.270
  0.285
  0.305
  0.330
  0.345
  0.360
  0.380
  0.400
  0.435
  0.455
  0.470
  0.485
  0.490
  0.490
  0.490
  0.505
  0.495
  0.495
  0.475
  0.440
  0.415
  0.385
  0.345
  0.315
  0.275
  0.255
  0.225
  0.210
  0.180
  0.160
  0.150
  0.120
  0.110
  0.095
  0.080
  0.080
  0.080
  0.080
  0.070
  0.070
  0.070
  0.060
  0.050
  0.050
  0.045
  0.045
  0.045
  0.045
  0.055
  0.060
  0.060
  0.060
  0.065
  0.050
  0.060
  0.060
  0.060
  0.060
  0.055
  0.070
  0.055
  0.055
  0.055
  0.045
  0.035
  0.035
  0.020
  0.020
  0.020
  0.025
  0.020
  0.020
  0.020
  0.015
  0.015
  0.015
  0.015
  0.015
  0.010
  0.010
  0.010
  0.010
  0.010
  0.005
  0.005
  0.000
  0.000
  0.000
  0.000
  0.000
  0.000
  0.000
  0.000
  0.000
  0.000
 -0.005
  0.000
  0.000
  0.000
 -0.010
 -0.010
 -0.005
  0.000
 -0.010
 -0.010
 -0.015
 -0.015
 -0.010
 -0.005
 -0.005
 -0.010
 -0.015
 -0.010
 -0.005
 -0.010
 -0.010
 -0.015
 -0.005
 -0.005
  0.000
  0.000
 -0.005
 -0.015
 -0.010
 -0.005
 -0.005
  0.000
  0.000
 -0.010
 -0.010
 -0.015
 -0.015
 -0.010
 -0.015
 -0.005
 -0.005
 -0.010
 -0.010
 -0.010
 -0.010
 -0.010
  0.000
 -0.005
  0.000
  0.000
  0.020
  0.035
  0.045
  0.050
  0.055
  0.070
  0.085
  0.115
  0.110
  0.110
  0.120
  0.115
  0.115
  0.115
  0.095
  0.055
  0.020
  0.020
  0.015
  0.015
  0.015
 -0.005
 -0.010
 -0.030
 -0.040
 -0.030
 -0.020
 -0.020
 -0.030
 -0.030
 -0.040
 -0.035
 -0.040
 -0.045
 -0.035
 -0.040
 -0.070
 -0.125
 -0.145
 -0.085
  0.140
  0.535
  1.045
  1.585
  2.040
  2.285
  2.175
  1.590
  0.725
 -0.045
 -0.435
 -0.500
 -0.400
 -0.330
 -0.320
 -0.355
 -0.385
 -0.390
 -0.395
 -0.395
 -0.400
 -0.380
 -0.350
 -0.300
 -0.240
 -0.175
 -0.130
 -0.100
 -0.075
 -0.060
 -0.055
 -0.040
 -0.035
 -0.025
 -0.010
  0.000
  0.000
  0.005
  0.010
  0.010
  0.025
  0.035
  0.040
  0.040
  0.040
  0.045
  0.045
  0.050
  0.050
  0.060
  0.075
  0.080
  0.080
  0.080
  0.080
  0.090
  0.100
  0.125
  0.150
  0.160
  0.165
  0.180
  0.190
  0.205
  0.240
  0.260
  0.270
  0.275
  0.290
  0.320
  0.350
  0.385
  0.400
  0.400
  0.415
  0.440
  0.465
  0.470
  0.475
  0.480
  0.480
  0.485
  0.485
  0.485
  0.485
  0.475
  0.435
  0.410
  0.370
  0.350
  0.325
  0.290
  0.265
  0.230
  0.195
  0.160
  0.145
  0.130
  0.120
  0.105
  0.100
  0.095
  0.085
  0.085
  0.075
  0.070
  0.065
  0.065
  0.070
  0.060
  0.060
  0.065
  0.065
  0.070
  0.070
  0.075
  0.070
  0.065
  0.065
  0.065
  0.075
  0.070
  0.070
  0.075
  0.070
  0.065
  0.060
  0.060
  0.060
  0.055
  0.045
  0.045
  0.040
  0.040
  0.040
  0.035
  0.035
  0.030
  0.030
  0.025
  0.030
  0.025
  0.015
  0.015
  0.015
  0.015
  0.010
  0.010
  0.010
  0.010
  0.010
  0.000
  0.000
  0.000
  0.005
  0.005
  0.005
  0.005
  0.000
  0.000
  0.000
  0.000
  0.005
  0.005
  0.000
 -0.010
 -0.005
  0.000
  0.005
  0.010
  0.010
  0.005
  0.000
  0.000
  0.000
  0.005
  0.000
  0.000
  0.000
  0.005
  0.010
  0.005
  0.000
  0.000
  0.000
  0.000
  0.000
  0.000
  0.000
  0.000
  0.000
  0.000
  0.000
 -0.005
  0.000
  0.000
  0.000
  0.000
  0.000
  0.000
  0.000
  0.005
  0.005
  0.005
  0.005
  0.005
  0.005
  0.005
  0.010
  0.035
  0.045
  0.050
  0.060
  0.055
  0.045
  0.080
  0.120
  0.145
  0.145
  0.140
  0.150
  0.145
  0.135
  0.100
  0.085
  0.075
  0.060
  0.040
  0.030
  0.020
  0.015
  0.000
 -0.015
 -0.025
 -0.030
 -0.035
 -0.035
 -0.030
 -0.030
 -0.030
 -0.030
 -0.040
 -0.035
 -0.035
 -0.035
 -0.035
 -0.050
 -0.085
 -0.110
 -0.070
  0.145
  0.540
  1.050
  1.600
  2.075
  2.335
  2.260
  1.735
  0.895
  0.065
 -0.400
 -0.515
 -0.435
 -0.350
 -0.325
 -0.325
 -0.345
 -0.360
 -0.370
 -0.370
 -0.365
 -0.360
 -0.350
 -0.310
 -0.250
 -0.185
 -0.130
 -0.095
 -0.060
 -0.040
 -0.030
 -0.025
 -0.025
 -0.015
 -0.005
  0.005
  0.020
  0.025
  0.025
  0.025
  0.025
  0.030
  0.040
  0.040
  0.050
  0.055
  0.065
  0.060
  0.060
  0.070
  0.075
  0.090
  0.105
  0.105
  0.115
  0.115
  0.115
  0.135
  0.160
  0.180
  0.205
  0.215
  0.215
  0.220
  0.225
  0.245
  0.270
  0.295
  0.305
  0.305
  0.325
  0.355
  0.395
  0.420
  0.435
  0.445
  0.460
  0.470
  0.480
  0.500
  0.500
  0.500
  0.495
  0.500
  0.495
  0.480
  0.455
  0.425
  0.395
  0.365
  0.330
  0.315
  0.270
  0.245
  0.240
  0.215
  0.190
  0.155
  0.155
  0.145
  0.145
  0.115
  0.100
  0.090
  0.090
  0.090
  0.085
  0.080
  0.080
  0.075
  0.080
  0.080
  0.080
  0.080
  0.085
  0.080
  0.080
  0.075
  0.080
  0.085
  0.080
  0.080
  0.075
  0.075
  0.080
  0.080
  0.065
  0.060
  0.055
  0.055
  0.055
  0.050
  0.050
  0.045
  0.045
  0.045
  0.045
  0.035
  0.035
  0.035
  0.035
  0.035
  0.035
  0.040
  0.045
  0.045
  0.035
  0.020
  0.020
  0.025
  0.025
  0.020
  0.020
  0.020
  0.020
  0.020
  0.025
  0.025
  0.025
  0.025
  0.025
  0.030
  0.030
  0.025
  0.020
  0.020
  0.020
  0.015
  0.015
  0.010
  0.005
  0.010
  0.015
  0.015
  0.010
  0.010
  0.015
  0.015
  0.015
  0.015
  0.020
  0.020
  0.020
  0.025
  0.020
  0.015
  0.015
  0.015
  0.015
  0.015
  0.020
  0.020
  0.020
  0.015
  0.015
  0.015
  0.020
  0.015
  0.015
  0.020
  0.015
  0.015
  0.020
  0.015
  0.015
  0.025
  0.010
  0.020
  0.025
  0.030
  0.050
  0.060
  0.070
  0.070
  0.100
  0.100
  0.115
  0.140
  0.175
  0.180
  0.190
  0.170
  0.160
  0.150
  0.145
  0.110
  0.080
  0.045
  0.040
  0.035
  0.030
  0.030
  0.020
  0.015
  0.015
  0.015
  0.015
  0.015
  0.010
  0.000
  0.000
  0.005
  0.000
 -0.005
  0.000
  0.000
 -0.020
 -0.045
 -0.090
 -0.100
 -0.060
  0.155
  0.550
  1.050
  1.590
  2.065
  2.330
  2.285
  1.790
  0.955
  0.130
 -0.340
 -0.455
 -0.370
 -0.285
 -0.265
 -0.300
 -0.325
 -0.335
 -0.340
 -0.345
 -0.345
 -0.350
 -0.340
 -0.315
 -0.245
 -0.165
 -0.100
 -0.055
 -0.040
 -0.040
 -0.035
 -0.020
  0.005
  0.020
  0.030
  0.035
  0.035
  0.035
  0.035
  0.040
  0.050
  0.060
  0.060
  0.070
  0.080
  0.080
  0.090
  0.090
  0.100
  0.105
  0.120
  0.120
  0.120
  0.110
  0.115
  0.130
  0.150
  0.165
  0.170
  0.180
  0.185
  0.205
  0.220
  0.235
  0.245
  0.260
  0.295
  0.330
  0.345
  0.350
  0.350
  0.370
  0.385
  0.410
  0.440
  0.475
  0.495
  0.500
  0.505
  0.505
  0.510
  0.510
  0.510
  0.505
  0.515
  0.510
  0.475
  0.445
  0.425
  0.395
  0.365
  0.345
  0.320
  0.295
  0.270
  0.235
  0.210
  0.195
  0.185
  0.165
  0.165
  0.150
  0.125
  0.110
  0.110
  0.105
  0.100
  0.100
  0.100
  0.100
  0.105
  0.100
  0.095
  0.095
  0.100
  0.100
  0.100
  0.105
  0.110
  0.115
  0.110
  0.110
  0.110
  0.105
  0.105
  0.095
  0.105
  0.095
  0.095
  0.095
  0.085
  0.085
  0.090
  0.095
  0.085
  0.075
  0.065
  0.065
  0.065
  0.065
  0.065
  0.065
  0.045
  0.045
  0.040
  0.040
  0.040
  0.035
  0.040
  0.045
  0.040
  0.040
  0.045
  0.040
  0.040
  0.040
  0.045
  0.040
  0.030
  0.030
  0.035
  0.045
  0.045
  0.040
  0.030
  0.030
  0.035
  0.035
  0.030
  0.030
  0.035
  0.030
  0.030
  0.035
  0.035
  0.035
  0.030
  0.030
  0.030
  0.025
  0.025
  0.030
  0.030
  0.035
  0.035
  0.030
  0.025
  0.035
  0.035
  0.035
  0.035
  0.030
  0.030
  0.030
  0.030
  0.035
  0.035
  0.040
  0.030
  0.025
  0.025
  0.025
  0.025
  0.035
  0.030
  0.030
  0.040
  0.050
  0.065
  0.080
  0.075
  0.070
  0.085
  0.100
  0.130
  0.155
  0.170
  0.170
  0.170
  0.165
  0.155
  0.155
  0.140
  0.100