4.340
4.340
4.340
4.340
4.340
4.340
4.340
4.320
4.310
4.280
4.290
4.300
4.305
4.310
4.320
4.305
4.285
4.280
4.300
4.310
4.295
4.270
4.260
4.275
4.280
4.275
4.270
4.255
4.245
4.265
4.270
4.265
4.265
4.270
4.255
4.255
4.265
4.270
4.275
4.275
4.260
4.270
4.280
4.290
4.280
4.265
4.260
4.265
4.265
4.265
4.265
4.250
4.250
4.265
4.275
4.290
4.305
4.295
4.285
4.265
4.215
4.170
4.075
3.980
3.860
3.685
3.450
3.200
3.025
2.950
2.950
2.995
3.040
3.065
3.090
3.125
3.165
3.190
3.230
3.260
3.285
3.310
3.355
3.410
3.455
3.495
3.520
3.535
3.590
3.675
3.760
3.850
3.925
3.980
4.025
4.095
4.165
4.235
4.280
4.300
4.350
4.395
4.450
4.465
4.480
4.475
4.480
4.505
4.525
4.535
4.540
4.525
4.540
4.540
4.555
4.565
4.565
4.575
4.575
4.580
4.605
4.610
4.605
4.590
4.595
4.610
4.635
4.635
4.645
4.635
4.635
4.645
4.655
4.645
4.645
4.635
4.645
4.655
4.665
4.670
4.670
4.650
4.650
4.665
4.685
4.695
4.690
4.685
4.665
4.685
4.690
4.695
4.690
4.680
4.685
4.690
4.705
4.705
4.705
4.685
4.690
4.700
4.710
4.715
4.715
4.700
4.695
4.705
4.720
4.725
4.725
4.705
4.705
4.695
4.700
4.695
4.685
4.680
4.670
4.665
4.680
4.675
4.685
4.665
4.645
4.645
4.650
4.640
4.625
4.620
4.610
4.630
4.620
4.605
4.595
4.570
4.560
4.550
4.560
4.555
4.555
4.555
4.545
4.550
4.560
4.550
4.540
4.540
4.540
4.540
4.560
4.565
4.555
4.545
4.540
4.555
4.575
4.575
4.575
4.555
4.555
4.560
4.575
4.580
4.580
4.580
4.575
4.585
4.595
4.605
4.610
4.600
4.610
4.620
4.625
4.640
4.625
4.620
4.625
4.640
4.655
4.660
4.670
4.655
4.650
4.670
4.690
4.695
4.680
4.680
4.680
4.685
4.705
4.705
4.700
4.695
4.690
4.710
4.705
4.710
4.705
4.690
4.695
4.710
4.715
4.720
4.710
4.695
4.715
4.710
4.710
4.710
4.715
4.710
4.700
4.705
4.715
4.720
4.720
4.705
4.705
4.700
4.715
4.710
4.720
4.705
4.700
4.710
4.720
4.720
4.720
4.705
4.705
4.715
4.730
4.740
4.725
4.715
4.725
4.725
4.740
4.735
4.720
4.725
4.720
4.745
4.745
4.740
4.735
4.725
4.715
4.730
4.735
4.740
4.740
4.735
4.735
4.735
4.745
4.750
4.740
4.725
4.725
4.750
4.760
4.755
4.755
4.750
4.740
4.760
4.770
4.775
4.770
4.775
4.765
4.770
4.785
4.795
4.800
4.770
4.770
4.765
4.775
4.795
4.790
4.800
4.815
4.805
4.830
4.845
4.860
4.865
4.865
4.880
4.885
4.885
4.870
4.835
4.820
4.835
4.850
4.840
4.830
4.830
4.815
4.820
4.835
4.840
4.850
4.835
4.840
4.845
4.850
4.845
4.835
4.825
4.815
4.820
4.810
4.815
4.805
4.795
4.790
4.800
4.815
4.820
4.815
4.810
4.795
4.800
4.830
4.825
4.830
4.825
4.825
4.830
4.840
4.835
4.825
4.820
4.815
4.835
4.840
4.840
4.825
4.815
4.820
4.825
4.845
4.845
4.855
4.840
4.850
4.850
4.830
4.760
4.685
4.595
4.495
4.370
4.180
3.925
3.660
3.460
3.415
3.455
3.515
3.550
3.590
3.610
3.660
3.710
3.745
3.765
3.790
3.825
3.860
3.920
3.975
4.025
4.055
4.095
4.150
4.245
4.365
4.435
4.505
4.560
4.645
4.710
4.790
4.855
4.905
4.940
4.980
5.040
5.075
5.095
5.115
5.110
5.125
5.125
5.140
5.160
5.165
5.160
5.165
5.185
5.200
5.205
5.215
5.215
5.205
5.230
5.240
5.240
5.250
5.235
5.240
5.250
5.265
5.280
5.275
5.260
5.265
5.280
5.290
5.295
5.280
5.280
5.285
5.295
5.315
5.315
5.310
5.315
5.315
5.320
5.335
5.340
5.345
5.320
5.325
5.330
5.335
5.350
5.340
5.325
5.340
5.340
5.350
5.350
5.340
5.325
5.335
5.345
5.345
5.345
5.340
5.330
5.330
5.330
5.345
5.335
5.325
5.310
5.310
5.310
5.310
5.315
5.300
5.290
5.280
5.290
5.285
5.275
5.265
5.235
5.235
5.235
5.230
5.220
5.205
5.185
5.180
5.170
5.150
5.155
5.150
5.120
5.115
5.120
5.120
5.110
5.105
5.095
5.085
5.100
5.110
5.100
5.105
5.105
5.085
5.095
5.110
5.105
5.110
5.095
5.090
5.105
5.125
5.115
5.100
5.105
5.110
5.115
5.125
5.115
5.130
5.120
5.115
5.125
5.145
5.160
5.155
5.135
5.140
5.135
5.155
5.155
5.155
5.155
5.155
5.180
5.175
5.185
5.175
5.170
5.165
5.190
5.200
5.200
5.200
5.180
5.185
5.195
5.195
5.200
5.190
5.195
5.180
5.190
5.200
5.195
5.195
5.190
5.175
5.190
5.200
5.205
5.205
5.185
5.180
5.200
5.195
5.185
5.190
5.175
5.170
5.185
5.180
5.185
5.175
5.165
5.165
5.170
5.195
5.190
5.190
5.175
5.170
5.185
5.185
5.185
5.195
5.180
5.175
5.195
5.200
5.200
5.185
5.180
5.165
5.185
5.195
5.190
5.185
5.175
5.185
5.190
5.210
5.200
5.195
5.190
5.185
5.190
5.205
5.205
5.200
5.190
5.175
5.190
5.210
5.200
5.210
5.195
5.190
5.205
5.215
5.205
5.205
5.210
5.195
5.205
5.210
5.215
5.205
5.205
5.200
5.200
5.210
5.220
5.220
5.210
5.225
5.240
5.250
5.260
5.270
5.270
5.280
5.305
5.310
5.310
5.320
5.300
5.290
5.270
5.275
5.275
5.265
5.250
5.240
5.250
5.255
5.260
5.265
5.275
5.270
5.280
5.270
5.260
5.250
5.240
5.230
5.225
5.230
5.215
5.220
5.215
5.205
5.220
5.230
5.230
5.230
5.225
5.220
5.225
5.235
5.230
5.230
5.210
5.210
5.220
5.225
5.230
5.220
5.220
5.210
5.230
5.235
5.230
5.225
5.205
5.205
5.220
5.235
5.230
5.220
5.225
5.230
5.240
5.215
5.140
5.060
4.945
4.825
4.695
4.515
4.265
3.980
3.765
3.680
3.715
3.780
3.830
3.880
3.920
3.965
4.015
4.045
4.065
4.100
4.130
4.180
4.225
4.280
4.350
4.400
4.435
4.500
4.585
4.690
4.770
4.845
4.910
4.965
5.055
5.120
5.175
5.230
5.265
5.315
5.360
5.400
5.410
5.425
5.430
5.435
5.445
5.465
5.460
5.475
5.470
5.465
5.480
5.505
5.500
5.515
5.505
5.515
5.525
5.535
5.525
5.520
5.530
5.520
5.535
5.530
5.550
5.540
5.540
5.530
5.550
5.555
5.560
5.555
5.555
5.560
5.560
5.575
5.575
5.580
5.555
5.565
5.565
5.575
5.580
5.580
5.560
5.550
5.565
5.580
5.570
5.565
5.565
5.555
5.560
5.580
5.585
5.565
5.560
5.560
5.570
5.570
5.560
5.555
5.540
5.530
5.535
5.535
5.530
5.515
5.490
5.490
5.515
5.515
5.515
5.500
5.490
5.470
5.480
5.465
5.465
5.455
5.435
5.435
5.420
5.435
5.420
5.405
5.380
5.375
5.370
5.370
5.350
5.355
5.330
5.340
5.335
5.350
5.335
5.330
5.310
5.305
5.320
5.325
5.330
5.325
5.305
5.305
5.315
5.330
5.315
5.320
5.310
5.315
5.320
5.335
5.335
5.345
5.325
5.325
5.330
5.345
5.340
5.345
5.330
5.325
5.335
5.350
5.350
5.340
5.335
5.325
5.345
5.360
5.355
5.350
5.345
5.350
5.355
5.365
5.365
5.360
5.355
5.355
5.350
5.370
5.365
5.360
5.350
5.355
5.355
5.365
5.355
5.360
5.345
5.345
5.355
5.360
5.360
5.355
5.345
5.340
5.335
5.365
5.355
5.340
5.330
5.315
5.325
5.340
5.330
5.330
5.310
5.320
5.315
5.330
5.335
5.325
5.320
5.325
5.330
5.330
5.325
5.315
5.330
5.320
5.325
5.335
5.325
5.330
5.320
5.320
5.320
5.330
5.340
5.320
5.310
5.325
5.335
5.320
5.325
5.315
5.320
5.330
5.340
5.335
5.320
5.315
5.300
5.305
5.325
5.325
5.335
5.310
5.315
5.315
5.320
5.325
5.320
5.310
5.320
5.320
5.335
5.325
5.330
5.320
5.310
5.315
5.320
5.320
5.315
5.320
5.310
5.320
5.325
5.330
5.325
5.315
5.310
5.320
5.330
5.335
5.350
5.320
5.325
5.325
5.350
5.350
5.345
5.325
5.330
5.335
5.370
5.360
5.365
5.365
5.360
5.400
5.420
5.415
5.420
5.415
5.420
5.420
5.420
5.415
5.395
5.385
5.385
5.370
5.370
5.375
5.365
5.360
5.350
5.370
5.380
5.360
5.365
5.355
5.340
5.360
5.365
5.350
5.340
5.335
5.310
5.320
5.330
5.320
5.310
5.310
5.310
5.315
5.330
5.330
5.315
5.300
5.300
5.305
5.330
5.325
5.320
5.295
5.305
5.310
5.330
5.320
5.325
5.310
5.310
5.320
5.315
5.315
5.315
5.305
5.295
5.310
5.315
5.315
5.315
5.320
5.320
5.305
5.280
5.215
5.145
5.050
4.940
4.810
4.605
4.360
4.095
3.920
3.865
3.895
3.950
3.985
4.015
4.040
4.080
4.125
4.170
4.175
4.215
4.255
4.290
4.345
4.400
4.450
4.485
4.515
4.575
4.680
4.775
4.860
4.920
4.990
5.065
5.140
5.215
5.280
5.315
5.350
5.390
5.440
5.470
5.510
5.520
5.525
5.525
5.540
5.555
5.575
5.560
5.575
5.565
5.585
5.610
5.610
5.595
5.600
5.595
5.615
5.630
5.640
5.645
5.625
5.645
5.650
5.665
5.660
5.650
5.650
5.645
5.655
5.655
5.660
5.665
5.660
5.660
5.665
5.685
5.685
5.670
5.680
5.670
5.680
5.695
5.695
5.700
5.690
5.695
5.705
5.705
5.705
5.705
5.690
5.685
5.685
5.700
5.695
5.690
5.675
5.670
5.675
5.690
5.685
5.680
5.665
5.670
5.650
5.665
5.665
5.645
5.640
5.625
5.620
5.625
5.625
5.605
5.585
5.565
5.575
5.575
5.560
5.545
5.530
5.525
5.510
5.500
5.490
5.470
5.445
5.435
5.440
5.435
5.430
5.410
5.400
5.385
5.390
5.390
5.400
5.395
5.375
5.365
5.385
5.380
5.380
5.380
5.365
5.360
5.365
5.385
5.375
5.375
5.380
5.370
5.385
5.390
5.390
5.400
5.390
5.385
5.400
5.415
5.425
5.420
5.415
5.405
5.420
5.435
5.420
5.420
5.405
5.415
5.425
5.440
5.435
5.445
5.445
5.435
5.450
5.465
5.465
5.470
5.455
5.440
5.460
5.465
5.460
5.470
5.455
5.435
5.455
5.445
5.450
5.440
5.435
5.435
5.450
5.460
5.470
5.460
5.455
5.445
5.450
5.455
5.450
5.435
5.430
5.435
5.435
5.440
5.430
5.430
5.420
5.415
5.415
5.440
5.440
5.440
5.425
5.420
5.435
5.435
5.435
5.430
5.425
5.425
5.425
5.440
5.445
5.425
5.420
5.410
5.430
5.440
5.440
5.435
5.430
5.425
5.420
5.435
5.425
5.420
5.430
5.410
5.420
5.430
5.440
5.415
5.400
5.400
5.420
5.435
5.430
5.420
5.420
5.420
5.430
5.435
5.435
5.430
5.410
5.415
5.415
5.425
5.425
5.405
5.415
5.410
5.420
5.435
5.425
5.435
5.440
5.450
5.470
5.490
5.495
5.515
5.500
5.505
5.520
5.520
5.500
5.475
5.445
5.445
5.450
5.460
5.455
5.450
5.430
5.440
5.450
5.475
5.480
5.460
5.450
5.435
5.440
5.440
5.435
5.415
5.385
5.385
5.390
5.405
5.405
5.395
5.375
5.390
5.385
5.405
5.395
5.400
5.385
5.380
5.385
5.395
5.400
5.390
5.375
5.385
5.390
5.390
5.390
5.385
5.380
5.375
5.385
5.395
5.385
5.395
5.380
5.380
5.400
5.410
5.410
5.405
5.350
5.280
5.215
5.120
4.995
4.815
4.560
4.275
4.010
3.875
3.865
3.915
3.950
3.990
4.040
4.095
4.155
4.175
4.195
4.195
4.250
4.315
4.365
4.405
4.460
4.520
4.560
4.640
4.720
4.820
4.910
4.995
5.090
5.190
5.265
5.335
5.385
5.445
5.530
5.570
5.610
5.605
5.620
5.640
5.650
5.680
5.685
5.700
5.690
5.705
5.730
5.745
5.760
5.750
5.750
5.760
5.775
5.790
5.780
5.795
5.775
5.770
5.790
5.800
5.795
5.795
5.795
5.790
5.815
5.825
5.820
5.810
5.810
5.820
5.835
5.840
5.825
5.830
5.825
5.835
5.835
5.850
5.850
5.835
5.840
5.835
5.850
5.860
5.855
5.860
5.860
5.840
5.835
5.865
5.855
5.855
5.835
5.850
5.840
5.845
5.835
5.825
5.810
5.810
5.815
5.825
5.825
5.800
5.775
5.775
5.780
5.775
5.775
5.750
5.720
5.710
5.700
5.690
5.675
5.665
5.635
5.625
5.630
5.625
5.625
5.590
5.560
5.570
5.580
5.595
5.585
5.565
5.545
5.545
5.555
5.570
5.560
5.560
5.555
5.555
5.565
5.580
5.570
5.560
5.555
5.550
5.575
5.595
5.590
5.590
5.585
5.575
5.580
5.590
5.595
5.600
5.575
5.585
5.600
5.610
5.605
5.610
5.595
5.595
5.620
5.630
5.630
5.625
5.605
5.610
5.630
5.635
5.630
5.625
5.620
5.610
5.615
5.645
5.635
5.625
5.625
5.630
5.630
5.635
5.630
5.625
5.610
5.610
5.600
5.615
5.610
5.610
5.600
5.590
5.595
5.610
5.610
5.590
5.585
5.595
5.610
5.610
5.595
5.590
5.570
5.560
5.560
5.585
5.580
5.580
5.570
5.550
5.550
5.575
5.565
5.565
5.550
5.545
5.560
5.570
5.570
5.560
5.555
5.540
5.555
5.560
5.555
5.550
5.555
5.545
5.550
5.565
5.545
5.550
5.545
5.545
5.560
5.575
5.575
5.570
5.560
5.550
5.545
5.555
5.560
5.560
5.550
5.545
5.545
5.565
5.545
5.555
5.540
5.550
5.560
5.565
5.560
5.560
5.555
5.560
5.565
5.585
5.595
5.600
5.595
5.610
5.625
5.640
5.655
5.655
5.645
5.640
5.665
5.650
5.630
5.620
5.610
5.605
5.610
5.610
5.605
5.600
5.590
5.575
5.605
5.620
5.595
5.590
5.575
5.570
5.575
5.570
5.560
5.555
5.535
5.540
5.535
5.560
5.555
5.535
5.525
5.520
5.525
5.535
5.535
5.530
5.515
5.515
5.525
5.540
5.540
5.540
5.530
5.535
5.545
5.565
5.545
5.530
5.525
5.525
5.545
5.535
5.535
5.530
5.510
5.520
5.515
5.530
5.550
5.540
5.475
5.375
5.230
5.060
4.820
4.565
4.245
3.955
3.735
3.660
3.690
3.760
3.805
3.855
3.920
3.990
4.020
4.045
4.060
4.130
4.200
4.300
4.365
4.430
4.490
4.555
4.650
4.785
4.900
5.025
5.110
5.210
5.310
5.405
5.480
5.560
5.630
5.705
5.750
5.795
5.815
5.840
5.840
5.855
5.875
5.900
5.895
5.910
5.910
5.925
5.925
5.950
5.950
5.955
5.950
5.960
5.975
5.985
5.990
5.980
5.990
6.000
6.015
6.035
6.040
6.020
6.000
6.005
6.020
6.035
6.035
6.030
6.025
6.025
6.040
6.055
6.055
6.055
6.055
6.055
6.065
6.085
6.085
6.090
6.070
6.070
6.075
6.075
6.090
6.075
6.080
6.060
6.075
6.080
6.075
6.065
6.065
6.065
6.070
6.070
6.075
6.060
6.050
6.040
6.045
6.035
6.020
6.005
5.995
5.975
5.965
5.970
5.955
5.935
5.895
5.880
5.880
5.880
5.870
5.835
5.820
5.800
5.795
5.795
5.775
5.775
5.760
5.760
5.755
5.750
5.730
5.725
5.710
5.715
5.725
5.720
5.720
5.735
5.715
5.705
5.715
5.735
5.740
5.735
5.725
5.730
5.725
5.735
5.740
5.730
5.730
5.725
5.745
5.760
5.755
5.760
5.750
5.765
5.775
5.790
5.780
5.790
5.780
5.780
5.780
5.795
5.805
5.805
5.785
5.795
5.810
5.810
5.810
5.805
5.790
5.795
5.810
5.830
5.835
5.820
5.825
5.800
5.815
5.825
5.830
5.820
5.815
5.795
5.810
5.830
5.830
5.825
5.810
5.815
5.820
5.820
5.820
5.815
5.805
5.790
5.810
5.810
5.800
5.790
5.790
5.795
5.805
5.805
5.790
5.795
5.780
5.775
5.790
5.795
5.800
5.800
5.780
5.775
5.780
5.790
5.800
5.795
5.795
5.770
5.785
5.775
5.785
5.770
5.765
5.760
5.770
5.775
5.775
5.775
5.760
5.750
5.750
5.765
5.755
5.755
5.745
5.740
5.735
5.750
5.735
5.735
5.720
5.730
5.720
5.730
5.720
5.710
5.700
5.695
5.700
5.715
5.720
5.700
5.700
5.705
5.710
5.730
5.710
5.700
5.690
5.685
5.680
5.700
5.705
5.705
5.695
5.705
5.725
5.735
5.730
5.735
5.735
5.750
5.760
5.770
5.785
5.785
5.765
5.745
5.720
5.730
5.710
5.695
5.680
5.685
5.690
5.695
5.695
5.685
5.680
5.665
5.675
5.690
5.680
5.665
5.650
5.640
5.635
5.640
5.625
5.625
5.610
5.595
5.615
5.615
5.625
5.625
5.595
5.595
5.615
5.620
5.610
5.605
5.600
5.580
5.595
5.600
5.605
5.590
5.580
5.580
5.600
5.585
5.585
5.580
5.555
5.570
5.585
5.595
5.600
5.570
5.510
5.410
5.310
5.180
5.010
4.790
4.465
4.140
3.940
3.885
3.925
3.975
4.010
4.065
4.120
4.180
4.210
4.235
4.260
4.290
4.365
4.445
4.495
4.560
4.600
4.640
4.750
4.870
4.980
5.085
5.155
5.245
5.330
5.420
5.500
5.565
5.600
5.655
5.705
5.745
5.770
5.770
5.760
5.780
5.785
5.810
5.815
5.815
5.820
5.820
5.835
5.845
5.860
5.845
5.845
5.855
5.870
5.870
5.880
5.865
5.865
5.875
5.865
5.880
5.870
5.885
5.870
5.870
5.875
5.890
5.890
5.890
5.880
5.880
5.895
5.915
5.905
5.910
5.915
5.900
5.905
5.905
5.910
5.910
5.890
5.895
5.910
5.905
5.910
5.890
5.885
5.880
5.880
5.900
5.895
5.895
5.875
5.870
5.880
5.885
5.875
5.875
5.860
5.860
5.850
5.850
5.850
5.835
5.825
5.805
5.800
5.790
5.795
5.780
5.765
5.750
5.740
5.735
5.720
5.700
5.675
5.650
5.650
5.655
5.650
5.615
5.595
5.580
5.580
5.585
5.570
5.555
5.545
5.530
5.530
5.540
5.530
5.525
5.515
5.510
5.525
5.535
5.515
5.505
5.485
5.490
5.500
5.510
5.510
5.515
5.505
5.495
5.505
5.525
5.520
5.520
5.520
5.520
5.520
5.540
5.535
5.525
5.530
5.520
5.530
5.540
5.545
5.540
5.525
5.530
5.550
5.565
5.570
5.565
5.540
5.550
5.565
5.570
5.565
5.570
5.565
5.555
5.580
5.570
5.570
5.560
5.545
5.555
5.560
5.575
5.575
5.550
5.545
5.545
5.540
5.560
5.550
5.550
5.545
5.550
5.550
5.550
5.535
5.535
5.525
5.510
5.515
5.520
5.520
5.520
5.500
5.505
5.510
5.515
5.510
5.495
5.485
5.480
5.500
5.515
5.510
5.505
5.500
5.485
5.490
5.510
5.510
5.500
5.470
5.460
5.475
5.485
5.485
5.480
5.475
5.475
5.480
5.475
5.485
5.485
5.475
5.485
5.490
5.495
5.490
5.480
5.460
5.465
5.470
5.480
5.475
5.480
5.465
5.460
5.475
5.475
5.465
5.455
5.455
5.460
5.470
5.485
5.475
5.475
5.450
5.470
5.470
5.465
5.460
5.455
5.440
5.450
5.460
5.465
5.455
5.450
5.440
5.435
5.450
5.455
5.455
5.450
5.445
5.440
5.460
5.465
5.485
5.475
5.475
5.480
5.500
5.530
5.530
5.520
5.520
5.520
5.525
5.510
5.495
5.475
5.470
5.460
5.465
5.455
5.465
5.450
5.445
5.450
5.450
5.450
5.450
5.420
5.410
5.420
5.425
5.430
5.415
5.415
5.390
5.380
5.380
5.385
5.390
5.385
5.380
5.375
5.380
5.370
5.385
5.360
5.370
5.360
5.370
5.395
5.365
5.365
5.350
5.360
5.365
5.370
5.370
5.365
5.350
5.340
5.355
5.355
5.345
5.345
5.330
5.340
5.340
5.335
5.335
5.340
5.350
5.345
5.335
5.285
5.215
5.110
4.965
4.810
4.630
4.425
4.125
3.860
3.645
3.570
3.615
3.675
3.730
3.770
3.815
3.860
3.920
3.960
3.975
3.990
4.030
4.065
4.125
4.205
4.245
4.305
4.340
4.400
4.485
4.585
4.695
4.790
4.870
4.955
5.045
5.140
5.205
5.255
5.310
5.395
5.465
5.520
5.545
5.565
5.565
5.565
5.580
5.605
5.615
5.630
5.620
5.620
5.630
5.650
5.665
5.680
5.655
5.645
5.650
5.665
5.675
5.670
5.660
5.655
5.660
5.670
5.695
5.690
5.675
5.665
5.680
5.700
5.705
5.695
5.680
5.685
5.685
5.685
5.670
5.670
5.675
5.685
5.690
5.690
5.685
5.680
5.665
5.665
5.685
5.690
5.695
5.690
5.685
5.680
5.695
5.715
5.700
5.690
5.670
5.665
5.655
5.650
5.645
5.650
5.655
5.675
5.645
5.625
5.605
5.600
5.600
5.605
5.620
5.620
5.605
5.605
5.585
5.590
5.580
5.565
5.540
5.525
5.520
5.505
5.500
5.495
5.490
5.465
5.450
5.420
5.410
5.415
5.410
5.390
5.365
5.355
5.360
5.365
5.335
5.310
5.290
5.285
5.300
5.305
5.290
5.290
5.270
5.265
5.265
5.265
5.275
5.255
5.235
5.245
5.265
5.280
5.265
5.260
5.260
5.260
5.265
5.255
5.260
5.250
5.245
5.250
5.240
5.260
5.270
5.270
5.270
5.265
5.275
5.290
5.270
5.250
5.255
5.265
5.280
5.290
5.280
5.265
5.260
5.270
5.295
5.295
5.295
5.270
5.255
5.250
5.275
5.285
5.300
5.295
5.280
5.275
5.270
5.280
5.275
5.275
5.260
5.265
5.270
5.270
5.250
5.250
5.240
5.250
5.260
5.270
5.260
5.250
5.230
5.240
5.255
5.250
5.240
5.225
5.215
5.225
5.250
5.260
5.255
5.235
5.200
5.195
5.215
5.215
5.215
5.215
5.205
5.200
5.185
5.200
5.200
5.205
5.185
5.195
5.195
5.210
5.205
5.205
5.190
5.190
5.200
5.205
5.195
5.185
5.175
5.180
5.190
5.195
5.200
5.180
5.170
5.175
5.185
5.195
5.205
5.185
5.180
5.195
5.195
5.210
5.195
5.180
5.165
5.170
5.185
5.195
5.190
5.175
5.165
5.165
5.185
5.190
5.185
5.160
5.170
5.175
5.190
5.190
5.185
5.170
5.175
5.190
5.185
5.160
5.170
5.160
5.160
5.155
5.175
5.175
5.180
5.175
5.185
5.190
5.180
5.180
5.200
5.190
5.180
5.185
5.195
5.205
5.225
5.220
5.225
5.240
5.255
5.275
5.265
5.255
5.240
5.230
5.245
5.255
5.230
5.200
5.175
5.165
5.185
5.205
5.195
5.190
5.185
5.180
5.180
5.170
5.170
5.160
5.150
5.130
5.130
5.145
5.145
5.130
5.120
5.120
5.135
5.145
5.150
5.130
5.100
5.110
5.105
5.125
5.115
5.115
5.100
5.105
5.120
5.120
5.120
5.125
5.115
5.120
5.125
5.120
5.125
5.115
5.110
5.105
5.115
5.125
5.120
5.100
5.090
5.100
5.120
5.130
5.110
5.045
4.955
4.865
4.760
4.640
4.455
4.210
3.920
3.660
3.540
3.545
3.600
3.630
3.665
3.695
3.770
3.835
3.860
3.870
3.870
3.905
3.980
4.055
4.105
4.135
4.175
4.230
4.290
4.375
4.475
4.580
4.650
4.730
4.820
4.920
4.980
5.050
5.095
5.150
5.220
5.270
5.305
5.320
5.335
5.335
5.370
5.385
5.395
5.395
5.410
5.415
5.430
5.425
5.420
5.430
5.420
5.430
5.450
5.470
5.470
5.460
5.440
5.445
5.470
5.475
5.480
5.465
5.480
5.470
5.485
5.495
5.490
5.500
5.480
5.475
5.485
5.495
5.495
5.490
5.490
5.490
5.490
5.500
5.495
5.500
5.485
5.500
5.525
5.530
5.525
5.515
5.500
5.510
5.510
5.520
5.510
5.495
5.500
5.490
5.510
5.515
5.495
5.485
5.480
5.485
5.505
5.500
5.490
5.475
5.460
5.455
5.480
5.475
5.455
5.440
5.430
5.405
5.410
5.405
5.395
5.390
5.375
5.365
5.360
5.360
5.350
5.340
5.320
5.295
5.280
5.295
5.280
5.275
5.250
5.235
5.225
5.220
5.220
5.215
5.195
5.190
5.210
5.210
5.195
5.180
5.160
5.180
5.190
5.190
5.180
5.190
5.180
5.185
5.195
5.195
5.190
5.195
5.185
5.180
5.195
5.200
5.200
5.190
5.190
5.195
5.200
5.235
5.245
5.235
5.215
5.215
5.225
5.245
5.240
5.235
5.220
5.230
5.250
5.250
5.265
5.255
5.235
5.225
5.235
5.250
5.265
5.260
5.250
5.255
5.260
5.265
5.255
5.245
5.255
5.240
5.250
5.245
5.265
5.250
5.235
5.230
5.235
5.240
5.225
5.225
5.220
5.220
5.230
5.235
5.230
5.230
5.220
5.210
5.230
5.230
5.220
5.220
5.200
5.185
5.205
5.220
5.230
5.225
5.220
5.210
5.195
5.205
5.210
5.210
5.200
5.190
5.205
5.210
5.200
5.185
5.170
5.180
5.195
5.205
5.195
5.185
5.170
5.165
5.175
5.200
5.190
5.185
5.190
5.185
5.190
5.195
5.175
5.165
5.170
5.175
5.170
5.180
5.165
5.175
5.170
5.165
5.160
5.190
5.180
5.185
5.170
5.165
5.195
5.210
5.185
5.160
5.155
5.165
5.170
5.180
5.170
5.175
5.170
5.160
5.175
5.200
5.215
5.215
5.215
5.215
5.235
5.265
5.265
5.275
5.270
5.255
5.245
5.225
5.220
5.215
5.205
5.195
5.190
5.200
5.190
5.200
5.195
5.200
5.210
5.200
5.195
5.185
5.170
5.165
5.170
5.150
5.135
5.135
5.105
5.120
5.135
5.145
5.140
5.135
5.135
5.125
5.130
5.135
5.125
5.135
5.110
5.105
5.120
5.130
5.120
5.115
5.110
5.115
5.135
5.130
5.110
5.090
5.090
5.090
5.100
5.110
5.115
5.125
5.115
5.110
5.095
5.120
5.115
5.060
5.010
4.935
4.845
4.740
4.615
4.445
4.200
3.905
3.660
3.545
3.520
3.560
3.610
3.650
3.705
3.770
3.820
3.845
3.870
3.885
3.935
4.000
4.055
4.115
4.160
4.205
4.265
4.330
4.415
4.510
4.595
4.675
4.755
4.850
4.930
4.995
5.040
5.100
5.175
5.250
5.295
5.305
5.315
5.325
5.350
5.365
5.375
5.395
5.375
5.370
5.385
5.420
5.420
5.420
5.405
5.410
5.435
5.450
5.445
5.435
5.440
5.445
5.460
5.445
5.425
5.440
5.440
5.455
5.460
5.475
5.470
5.465
5.465
5.470
5.475
5.465
5.480
5.480
5.480
5.470
5.475
5.495
5.475
5.465
5.465
5.470
5.480
5.480
5.475
5.480
5.485
5.480
5.495
5.500
5.480
5.475
5.475
5.480
5.485
5.475
5.460
5.455
5.450
5.450
5.440
5.445
5.445
5.435
5.425
5.405
5.420
5.435
5.420
5.410
5.390
5.375
5.370
5.375
5.365
5.330
5.310
5.295
5.305
5.305
5.285
5.275
5.250
5.240
5.240
5.235
5.220
5.220
5.205
5.205
5.205
5.210
5.205
5.190
5.180
5.160
5.165
5.185
5.190
5.185
5.160
5.165
5.185
5.195
5.190
5.180
5.165
5.170
5.185
5.190
5.200
5.185
5.165
5.165
5.185
5.205
5.205
5.205
5.190
5.200
5.205
5.215
5.205
5.210
5.210
5.210
5.220
5.220
5.220
5.220
5.215
5.220
5.235
5.250
5.240
5.245
5.235
5.245
5.240
5.245
5.245
5.225
5.205
5.210
5.230
5.245
5.240
5.235
5.225
5.215
5.235
5.240
5.235
5.235
5.225
5.220
5.220
5.230
5.225
5.205
5.200
5.200
5.205
5.225
5.200
5.190
5.190
5.190
5.190
5.215
5.195
5.205
5.205
5.190
5.180
5.170
5.175
5.175
5.165
5.160
5.170
5.175
5.175
5.170
5.170
5.170
5.195
5.195
5.185
5.155
5.170
5.175
5.180
5.195
5.190
5.190
5.180
5.165
5.175
5.180
5.155
5.155
5.160
5.155
5.170
5.170
5.165
5.165
5.155
5.155
5.180
5.195
5.190
5.175
5.155
5.150
5.160
5.165
5.160
5.160
5.150
5.150
5.160
5.175
5.170
5.160
5.145
5.145
5.160
5.180
5.175
5.160
5.145
5.140
5.160
5.165
5.170
5.155
5.160
5.175
5.180
5.200
5.215
5.205
5.215
5.225
5.245
5.265
5.275
5.270
5.245
5.235
5.220
5.225
5.215
5.210
5.195
5.185
5.185
5.185
5.190
5.180
5.185
5.180
5.185
5.190
5.180
5.175
5.160
5.170
5.155
5.160
5.135
5.145
5.125
5.125
5.150
5.150
5.145
5.110
5.110
5.115
5.135
5.130
5.115
5.105
5.100
5.110
5.125
5.135
5.135
5.135
5.120
5.110
5.115
5.125
5.130
5.115
5.115
5.110
5.115
5.125
5.110
5.110
5.095
5.110
5.140
5.150
5.135
5.105
5.040
4.955
4.865
4.780
4.645
4.435
4.190
3.930
3.730
3.650
3.630
3.665
3.700
3.740
3.785
3.850
3.880
3.900
3.930
3.955
4.000
4.070
4.120
4.165
4.205
4.255
4.300
4.350
4.395
4.490
4.590
4.695
4.765
4.840
4.900
4.970
5.020
5.090
5.145
5.215
5.250
5.300
5.315
5.320
5.350
5.375
5.370
5.385
5.380
5.395
5.405
5.410
5.420
5.430
5.420
5.440
5.440
5.435
5.445
5.445
5.450
5.460
5.460
5.475
5.455
5.460
5.475
5.465
5.485
5.495
5.490
5.495
5.490
5.470
5.505
5.510
5.500
5.500
5.495
5.495
5.510
5.525
5.530
5.530
5.515
5.525
5.535
5.530
5.510
5.500
5.495
5.520
5.510
5.535
5.520
5.510
5.495
5.500
5.510
5.515
5.510
5.510
5.490
5.495
5.500
5.510
5.490
5.475
5.465
5.440
5.455
5.450
5.440
5.430
5.415
5.405
5.405
5.395
5.375
5.360
5.335
5.330
5.330
5.325
5.315
5.295
5.280
5.255
5.260
5.255
5.255
5.235
5.215
5.220
5.210
5.230
5.205
5.215
5.205
5.200
5.205
5.205
5.210
5.195
5.185
5.185
5.200
5.220
5.220
5.210
5.190
5.195
5.215
5.220
5.220
5.215
5.205
5.220
5.235
5.240
5.245
5.240
5.240
5.235
5.240
5.250
5.250
5.230
5.235
5.235
5.255
5.260
5.260
5.240
5.260
5.270
5.285
5.300
5.285
5.270
5.255
5.255
5.265
5.270
5.250
5.255
5.245
5.245
5.265
5.265
5.255
5.240
5.250
5.255
5.255
5.255
5.255
5.245
5.235
5.230
5.235
5.245
5.240
5.220
5.220
5.205
5.210
5.235
5.220
5.215
5.205
5.205
5.220
5.235
5.240
5.220
5.230
5.200
5.200
5.210
5.210
5.210
5.200
5.195
5.200
5.215
5.205
5.210
5.200
5.195
5.220
5.225
5.215
5.210
5.200
5.200
5.215
5.215
5.215
5.200
5.190
5.175
5.200
5.215
5.210
5.195
5.180
5.185
5.185
5.205
5.200
5.200
5.195
5.180
5.195
5.210
5.200
5.195
5.185
5.185
5.190
5.210
5.205
5.195
5.200
5.200
5.220
5.240
5.250
5.255
5.250
5.255
5.290
5.295
5.295
5.290
5.285
5.265
5.250
5.250
5.240
5.230
5.220
5.210
5.220
5.235
5.230
5.225
5.225
5.220
5.210
5.220
5.210
5.205
5.200
5.185
5.170
5.175
5.165
5.155
5.145
5.155
5.160
5.180
5.170
5.165
5.140
5.145
5.160
5.175
5.165
5.155
5.155
5.140
5.160
5.155
5.160
5.145
5.135
5.150
5.140
5.160
5.150
5.135
5.125
5.135
5.140
5.155
5.145
5.145
5.150
5.165
5.165
5.145
5.060
4.960
4.855
4.695
4.540
4.345
4.050
3.755
3.565
3.525
3.575
3.650
3.705
3.745
3.785
3.840
3.895
3.930
3.955
3.970
4.000
4.075
4.160
4.230
4.275
4.330
4.410
4.520
4.635
4.725
4.810
4.890
4.960
5.030
5.130
5.195
5.250
5.305
5.335
5.360
5.390
5.425
5.415
5.415
5.425
5.425
5.450
5.470
5.480
5.475
5.485
5.485
5.495
5.500
5.490
5.510
5.520
5.525
5.540
5.530
5.520
5.525
5.515
5.525
5.540
5.545
5.550
5.545
5.540
5.560
5.570
5.580
5.575
5.575
5.570
5.575
5.585
5.600
5.580
5.570
5.570
5.570
5.580
5.595
5.600
5.585
5.570
5.580
5.590
5.595
5.590
5.580
5.565
5.575
5.570
5.575
5.560
5.550
5.535
5.530
5.535
5.535
5.530
5.520
5.490
5.480
5.480
5.480
5.465
5.450
5.425
5.420
5.400
5.380
5.375
5.365
5.350
5.340
5.330
5.325
5.310
5.285
5.275
5.280
5.285
5.285
5.290
5.255
5.235
5.240
5.250
5.250
5.245
5.240
5.240
5.245
5.255
5.260
5.260
5.250
5.245
5.255
5.255
5.280
5.280
5.285
5.265
5.270
5.265
5.280
5.285
5.290
5.280
5.275
5.280
5.295
5.300
5.290
5.295
5.285
5.305
5.330
5.335
5.330
5.305
5.295
5.295
5.315
5.305
5.315
5.300
5.295
5.295
5.305
5.315
5.305
5.310
5.305
5.295
5.315
5.310
5.305
5.290
5.285
5.275
5.245
5.200
5.160
5.115
5.085
5.055
5.040
5.035
5.005
4.990
5.000
5.020
5.055
5.080
5.110
5.155
5.200
5.265
5.285
5.315
5.340
5.385
5.460
5.570
5.660
5.740
5.800
5.830
5.865
5.935
5.965
5.970
5.935
5.865
5.785
5.745
5.675
5.605
5.515
5.405
5.300
5.275
5.270
5.265
5.240
5.220
5.215
5.215
5.235
5.210
5.200
5.180
5.165
5.170
5.190
5.185
5.165
5.160
5.145
5.145
5.155
5.150
5.130
5.115
5.110
5.120
5.120
5.110
5.105
5.100
5.100
5.100
5.100
5.085
5.075
5.065
5.080
5.090
5.075
5.080
5.090
5.080
5.070
5.080
5.090
5.090
5.080
5.060
5.075
5.075
5.055
5.035
5.010
4.990
4.975
4.955
4.950
4.925
4.900
4.880
4.890
4.885
4.895
4.870
4.850
4.820
4.810
4.825
4.815
4.805
4.780
4.770
4.765
4.775
4.790
4.775
4.790
4.770
4.790
4.790
4.785
4.815
4.820
4.815
4.850
4.860
4.880
4.895
4.905
4.915
4.955
4.985
5.015
5.025
5.040
5.050
5.070
5.090
5.105
5.125
5.120
5.130
5.160
5.180
5.190
5.210
5.220
5.210
5.220
5.230
5.240
5.250
5.255
5.255
5.265
5.265
5.250
5.260
5.235
5.245
5.245
5.275
5.270
5.285
5.260
5.265
5.280
5.275
5.290
5.295
5.290
5.280
5.270
5.285
5.280
5.290
5.285
5.270
5.270
5.285
5.295
5.300
5.295
5.265
5.285
5.290
5.300
5.300
5.300
5.295
5.285
5.290
5.295
5.300
5.285
5.260
5.265
5.265
5.280
5.285
5.285
5.280
5.275
5.270
5.295
5.290
5.290
5.280
5.285
5.305
5.300
5.285
5.295
5.275
5.285
5.295
5.285
5.285
5.280
5.275
5.275
5.280
5.280
5.290
5.275
5.270
5.270
5.265
5.275
5.290
5.290
5.280
5.280
5.280
5.295
5.285
5.275
5.250
5.260
5.265
5.270
5.275
5.270
5.260
5.260
5.275
5.270
5.285
5.275
5.275
5.275
5.270
5.275
5.265
5.255
5.260
5.260
5.275
5.270
5.280
5.280
5.270
5.265
5.285
5.290
5.280
5.270
5.270
5.280
5.295
5.300
5.295
5.295
5.275
5.285
5.300
5.305
5.290
5.270
5.265
5.270
5.275
5.290
5.290
5.285
5.285
5.280
5.280
5.285
5.295
5.285
5.280
5.270
5.290
5.295
5.290
5.285
5.275
5.285
5.290
5.290
5.285
5.280
5.270
5.290
5.285
5.310
5.295
5.265
5.275
5.285
5.300
5.300
5.295
5.290
5.285
5.280
5.295
5.300
5.300
5.285
5.280
5.275
5.285
5.300
5.300
5.300
5.275
5.290
5.285
5.300
5.300
5.295
5.290
5.295
5.295
5.300
5.300
5.290
5.270
5.285
5.285
5.270
5.275
5.260
5.255
5.260
5.280
5.280
5.270
5.270
5.255
5.270
5.280
5.285
5.280
5.265
5.250
5.255
5.265
5.265
5.255
5.260
5.255
5.265
5.265
5.250
5.265
5.255
5.255
5.255
5.265
5.275
5.290
5.260
5.270
5.265
5.270
5.260
5.245
5.250
5.235
5.245
5.250
5.255
5.250
5.245
5.250
5.255
5.265
5.270
5.265
5.265
5.235
5.240
5.275
5.260
5.260
5.245
5.225
5.240
5.240
5.255
5.255
5.245
5.245
5.245
5.270
5.265
5.245
5.225
5.225
5.235
5.260
5.255
5.235
5.240
5.230
5.230
5.245
5.250
5.250
5.250
5.220
5.225
5.230
5.260
5.270
5.275
5.260
5.275
5.300
5.325
5.335
5.330
5.325
5.320
5.315
5.310
5.305
5.275
5.235
5.235
5.230
5.250
5.250
5.240
5.245
5.260
5.275
5.265
5.265
5.250
5.235
5.235
5.250
5.225
5.210
5.195
5.185
5.175
5.185
5.185
5.175
5.165
5.165
5.160
5.160
5.180
5.180
5.190
5.180
5.170
5.155
5.155
5.145
5.140
5.140
5.150
5.155
5.160
5.155
5.150
5.125
5.135
5.150
5.170
5.180
5.165
5.135
5.095
5.035
4.960
4.850
4.730
4.545
4.315
4.040
3.805
3.655
3.635
3.655
3.720
3.770
3.825
3.875
3.905
3.920
3.940
3.975
4.030
4.080
4.115
4.155
4.195
4.265
4.305
4.360
4.405
4.455
4.555
4.655
4.735
4.795
4.870
4.925
5.005
5.070
5.145
5.190
5.230
5.285
5.335
5.375
5.405
5.420
5.425
5.430
5.440
5.455
5.470
5.470
5.465
5.465
5.485
5.490
5.515
5.505
5.520
5.510
5.525
5.525
5.530
5.540
5.515
5.525
5.535
5.545
5.540
5.540
5.535
5.530
5.540
5.545
5.550
5.545
5.535
5.530
5.525
5.560
5.565
5.550
5.540
5.540
5.555
5.565
5.575
5.565
5.535
5.520
5.550
5.545
5.560
5.560
5.545
5.545
5.540
5.560
5.550
5.545
5.525
5.525
5.530
5.545
5.545
5.540
5.535
5.515
5.525
5.535
5.535
5.525
5.515
5.500
5.500
5.490
5.505
5.490
5.495
5.470
5.475
5.480
5.465
5.465
5.440
5.435
5.440
5.445
5.430
5.415
5.415
5.385
5.385
5.385
5.375
5.370
5.335
5.325
5.325
5.315
5.325
5.310
5.290
5.275
5.285
5.285
5.300
5.280
5.260
5.255
5.240
5.250
5.255
5.250
5.235
5.230
5.235
5.240
5.245
5.240
5.235
5.235
5.255
5.255
5.265
5.255
5.260
5.255
5.275
5.275
5.280
5.275
5.275
5.275
5.280
5.290
5.315
5.310
5.300
5.285
5.300
5.310
5.330
5.330
5.330
5.320
5.325
5.340
5.355
5.345
5.345
5.340
5.340
5.340
5.355
5.355
5.335
5.325
5.345
5.355
5.355
5.360
5.345
5.335
5.345
5.345
5.360
5.345
5.340
5.335
5.330
5.340
5.345
5.335
5.330
5.295
5.305
5.315
5.320
5.315
5.300
5.295
5.290
5.300
5.295
5.285
5.285
5.290
5.290
5.290
5.290
5.280
5.280
5.260
5.275
5.290
5.280
5.280
5.270
5.265
5.270
5.275
5.280
5.280
5.260
5.245
5.255
5.265
5.280
5.280
5.265
5.280
5.275
5.285
5.265
5.270
5.250
5.255
5.260
5.265
5.270
5.285
5.260
5.245
5.250
5.260
5.260
5.260
5.245
5.230
5.240
5.255
5.270
5.265
5.235
5.235
5.225
5.240
5.240
5.245
5.235
5.225
5.220
5.240
5.235
5.235
5.235
5.235
5.230
5.245
5.250
5.240
5.230
5.225
5.235
5.255
5.250
5.260
5.260
5.260
5.280
5.300
5.320
5.330
5.320
5.305
5.315
5.310
5.300
5.295
5.275
5.265
5.260
5.255
5.250
5.235
5.230
5.225
5.250
5.250
5.255
5.255
5.240
5.230
5.235
5.240
5.245
5.230
5.215
5.195
5.190
5.200
5.210
5.200
5.190
5.185
5.190
5.205
5.200
5.185
5.185
5.170
5.180
5.185
5.205
5.190
5.175
5.170
5.185
5.180
5.195
5.195
5.185
5.160
5.175
5.185
5.190
5.180
5.160
5.155
5.155
5.170
5.180
5.175
5.175
5.165
5.160
5.155
5.095
5.015
4.915
4.795
4.675
4.505
4.285
3.995
3.715
3.560
3.535
3.585
3.635
3.670
3.710
3.750
3.800
3.850
3.870
3.890
3.905
3.935
3.995
4.045
4.115
4.160
4.200
4.240
4.305
4.380
4.475
4.580
4.665
4.740
4.825
4.905
5.000
5.060
5.115
5.165
5.220
5.300
5.345
5.390
5.385
5.400
5.415
5.445
5.455
5.465
5.465
5.465
5.470
5.485
5.495
5.490
5.485
5.490
5.495
5.515
5.520
5.530
5.510
5.520
5.530
5.545
5.545
5.555
5.540
5.545
5.555
5.560
5.560
5.550
5.545
5.540
5.545
5.560
5.570
5.570
5.550
5.545
5.560
5.570
5.570
5.585
5.580
5.560
5.580
5.580
5.600
5.595
5.585
5.575
5.585
5.590
5.590
5.585
5.585
5.575
5.590
5.580
5.585
5.585
5.580
5.565
5.570
5.570
5.580
5.575
5.575
5.560
5.570
5.570
5.580
5.570
5.550
5.525
5.525
5.530
5.530
5.515
5.495
5.480
5.480
5.495
5.495
5.465
5.450
5.435
5.430
5.430
5.430
5.420
5.390
5.370
5.365
5.355
5.360
5.340
5.315
5.285
5.290
5.305
5.295
5.290
5.270
5.260
5.270
5.285
5.280
5.275
5.265
5.255
5.255
5.285
5.270
5.280
5.260
5.255
5.265
5.260
5.270
5.275
5.260
5.265
5.270
5.280
5.300
5.285
5.290
5.285
5.295
5.300
5.315
5.305
5.300
5.305
5.310
5.320
5.325
5.320
5.315
5.310
5.315
5.335
5.345
5.340
5.320
5.315
5.335
5.345
5.350
5.340
5.330
5.325
5.340
5.345
5.350
5.340
5.325
5.325
5.320
5.320
5.340
5.330
5.330
5.315
5.325
5.325
5.320
5.330
5.315
5.315
5.310
5.320
5.320
5.305
5.300
5.290
5.290
5.295
5.305
5.295
5.280
5.270
5.275
5.285
5.285
5.295
5.285
5.270
5.285
5.300
5.290
5.295
5.275
5.265
5.260
5.265
5.265
5.260
5.265
5.255
5.265
5.275
5.295
5.280
5.265
5.270
5.270
5.285
5.280
5.285
5.265
5.260
5.255
5.270
5.285
5.275
5.255
5.250
5.255
5.275
5.270
5.255
5.255
5.245
5.250
5.265
5.260
5.265
5.255
5.255
5.255
5.275
5.270
5.255
5.245
5.240
5.260
5.265
5.270
5.265
5.250
5.235
5.255
5.250
5.265
5.255
5.260
5.245
5.260
5.265
5.275
5.265
5.245
5.250
5.265
5.260
5.265
5.265
5.250
5.240
5.245
5.260
5.270
5.260
5.255
5.280
5.295
5.310
5.325
5.340
5.335
5.330
5.340
5.345
5.350
5.340
5.315
5.290
5.295
5.290
5.265
5.275
5.260
5.250
5.260
5.275
5.280
5.285
5.270
5.250
5.250
5.260
5.245
5.250
5.245
5.210
5.205
5.215
5.215
5.210
5.190
5.180
5.190
5.205
5.200
5.195
5.190
5.190
5.205
5.210
5.225
5.215
5.190
5.175
5.190
5.190
5.195
5.195
5.175
5.175
5.185
5.190
5.190
5.180
5.170
5.165
5.175
5.180
5.175
5.185
5.165
5.175
5.185
5.190
5.170
5.130
5.065
4.960
4.855
4.725
4.570
4.355
4.090
3.795
3.570
3.475
3.495
3.560
3.605
3.635
3.685
3.745
3.810
3.830
3.845
3.860
3.900
3.960
4.015
4.075
4.120
4.180
4.245
4.310
4.370
4.470
4.555
4.650
4.750
4.860
4.955
5.015
5.075
5.115
5.200
5.265
5.320
5.345
5.370
5.395
5.420
5.435
5.450
5.450
5.465
5.465
5.485
5.495
5.505
5.500
5.520
5.510
5.525
5.530
5.540
5.545
5.530
5.530
5.540
5.545
5.555
5.555
5.545
5.545
5.570
5.575
5.580
5.585
5.575
5.570
5.575
5.575
5.595
5.595
5.585
5.575
5.580
5.595
5.595
5.600
5.580
5.590
5.595
5.600
5.605
5.595
5.595
5.585
5.595
5.605
5.605
5.610
5.595
5.585
5.590
5.590
5.585
5.585
5.575
5.575
5.575
5.575
5.570
5.565
5.560
5.545
5.550
5.555
5.550
5.540
5.520
5.495
5.475
5.480
5.475
5.445
5.425
5.425
5.405
5.405
5.395
5.375
5.350
5.335
5.345
5.355
5.335
5.335
5.310
5.300
5.300
5.310
5.295
5.285
5.285
5.270
5.280
5.280
5.280
5.275
5.280
5.260
5.285
5.295
5.305
5.295
5.295
5.275
5.280
5.305
5.295
5.290
5.290
5.275
5.290
5.305
5.320
5.310
5.305
5.300
5.320
5.320
5.330
5.330
5.315
5.315
5.330
5.345
5.350
5.335
5.340
5.325
5.335
5.345
5.340
5.340
5.335
5.325
5.325
5.335
5.340
5.345
5.330
5.335
5.325
5.345
5.350
5.335
5.310
5.305
5.310
5.325
5.315
5.310
5.295
5.300
5.300
5.305
5.315
5.310
5.300
5.290
5.295
5.305
5.305
5.305
5.290
5.280
5.285
5.300
5.305
5.290
5.285
5.265
5.280
5.295
5.295
5.285
5.285
5.285
5.285
5.295
5.295
5.280
5.280
5.265
5.275
5.280
5.285
5.275
5.280
5.260
5.265
5.280
5.285
5.285
5.280
5.265
5.280
5.295
5.305
5.290
5.280
5.285
5.280
5.275
5.290
5.285
5.290
5.270
5.275
5.285
5.275
5.280
5.265
5.265
5.270
5.290
5.290
5.290
5.285
5.280
5.285
5.290
5.285
5.285
5.275
5.265
5.270
5.275
5.280
5.270
5.260
5.265
5.260
5.270
5.270
5.270
5.265
5.260
5.265
5.275
5.270
5.265
5.255
5.245
5.255
5.260
5.260
5.265
5.270
5.255
5.255
5.255
5.265
5.265
5.260
5.275
5.280
5.310
5.320
5.325
5.330
5.320
5.325
5.350
5.355
5.350
5.340
5.305
5.285
5.295
5.295
5.285
5.280
5.275
5.275
5.285
5.290
5.290
5.280
5.255
5.260
5.255
5.265
5.260
5.235
5.210
5.215
5.225
5.225
5.220
5.205
5.215
5.205
5.220
5.225
5.230
5.210
5.200
5.205
5.195
5.215
5.195
5.205
5.195
5.205
5.205
5.205
5.205
5.180
5.195
5.205
5.210
5.210
5.195
5.195
5.185
5.195
5.200
5.215
5.210
5.190
5.135
5.065
4.985
4.865
4.715
4.515
4.250
3.955
3.725
3.615
3.620
3.660
3.705
3.755
3.800
3.875
3.920
3.935
3.960
3.995
4.065
4.110
4.165
4.225
4.275
4.340
4.410
4.510
4.610
4.705
4.790
4.875
4.955
5.045
5.105
5.160
5.195
5.275
5.335
5.385
5.400
5.420
5.430
5.450
5.460
5.470
5.475
5.475
5.475
5.495
5.500
5.530
5.530
5.525
5.515
5.520
5.540
5.540
5.540
5.540
5.525
5.540
5.555
5.555
5.550
5.540
5.545
5.550
5.575
5.570
5.565
5.550
5.550
5.575
5.570
5.575
5.565
5.565
5.560
5.565
5.570
5.565
5.575
5.570
5.565
5.565
5.575
5.580
5.585
5.575
5.560
5.575
5.590
5.590
5.575
5.560
5.560
5.575
5.565
5.565
5.550
5.540
5.530
5.535
5.545
5.545
5.545
5.530
5.515
5.520
5.530
5.515
5.505
5.495
5.490
5.475
5.480
5.470
5.455
5.440
5.420
5.415
5.415
5.415
5.390
5.380
5.350
5.355
5.350
5.365
5.345
5.330
5.315
5.300
5.320
5.320
5.290
5.275
5.280
5.280
5.300
5.295
5.285
5.260
5.250
5.265
5.280
5.280
5.280
5.275
5.270
5.270
5.275
5.285
5.295
5.275
5.270
5.275
5.305
5.290
5.285
5.275
5.280
5.290
5.310
5.305
5.305
5.300
5.300
5.320
5.335
5.330
5.315
5.305
5.305
5.310
5.320
5.320
5.310
5.310
5.315
5.310
5.330
5.315
5.315
5.320
5.310
5.310
5.320
5.345
5.325
5.325
5.305
5.305
5.320
5.310
5.310
5.300
5.295
5.310
5.305
5.300
5.300
5.290
5.280
5.285
5.310
5.305
5.305
5.290
5.295
5.300
5.295
5.300
5.280
5.275
5.280
5.290
5.300
5.285
5.295
5.280
5.280
5.280
5.305
5.295
5.295
5.290
5.295
5.295
5.315
5.315
5.310
5.285
5.285
5.290
5.315
5.320
5.320
5.315
5.295
5.300
5.305
5.305
5.305
5.305
5.300
5.305
5.310
5.325
5.325
5.320
5.310
5.320
5.325
5.320
5.320
5.315
5.325
5.320
5.335
5.340
5.360
5.360
5.360
5.370
5.385
5.410
5.415
5.355
5.295
5.280
5.295
5.310
5.320
5.330
5.320
5.320
5.335
5.330
5.345
5.340
5.330
5.340
5.360
5.360
5.360
5.345
5.345
5.360
5.370
5.370
5.370
5.355
5.350
5.345
5.360
5.375
5.365
5.345
5.340
5.360
5.360
5.375
5.360
5.350
5.365
5.350
5.375
5.385
5.375
5.375
5.375
5.385
5.385
5.400
5.380
5.385
5.370
5.375
5.385
5.385
5.390
5.380
5.390
5.405
5.435
5.440
5.415
5.425
5.440
5.475
5.475
5.445
5.410
5.400
5.415
5.435
5.460
5.470
5.485
5.490
5.490
5.485
5.470
5.445
5.435
5.430
5.415
5.415
5.420
5.440
5.445
5.450
5.445
5.455
5.490
5.500
5.455
5.385
5.360
5.360
5.385
5.385
5.380
5.370
5.350
5.365
5.390
5.390
5.390
5.380
5.350
5.345
5.375
5.400
5.395
5.405
5.395
5.365
5.350
5.340
5.355
5.325
5.315
5.340
5.385
5.385
5.385
5.365
5.365
5.340
5.335
5.325
5.335
5.315
5.325
5.335
5.335
5.290
5.205
5.100
5.000
4.885
4.700
4.405
4.045
3.795
3.705
3.745
3.815
3.860
3.890
3.930
4.000
4.070
4.115
4.140
4.180
4.230
4.290
4.365
4.440
4.495
4.570
4.675
4.815
4.895
4.945
5.015
5.100
5.185
5.255
5.340
5.400
5.455
5.495
5.520
5.565
5.635
5.630
5.590
5.575
5.600
5.620
5.635
5.650
5.650
5.665
5.660
5.655
5.660
5.685
5.695
5.710
5.715
5.695
5.670
5.680
5.690
5.695
5.695
5.685
5.705
5.720
5.720
5.730
5.730
5.720
5.710
5.720
5.720
5.730
5.730
5.735
5.730
5.725
5.715
5.720
5.705
5.710
5.715
5.720
5.730
5.730
5.705
5.715
5.715
5.725
5.715
5.715
5.695
5.695
5.695
5.710
5.705
5.700
5.685
5.670
5.680
5.695
5.690
5.665
5.655
5.655
5.655
5.655
5.645
5.635
5.600
5.600
5.585
5.590
5.585
5.565
5.545
5.520
5.515
5.530
5.525
5.520
5.490
5.460
5.460
5.465
5.460
5.420
5.420
5.405
5.430
5.440
5.440
5.430
5.395
5.375
5.370
5.385
5.395
5.400
5.370
5.375
5.385
5.395
5.405
5.405
5.390
5.365
5.375
5.375
5.390
5.395
5.390
5.380
5.400
5.415
5.425
5.425
5.410
5.410
5.420
5.425
5.420
5.395
5.405
5.390
5.405
5.425
5.435
5.430
5.430
5.420
5.440
5.445
5.450
5.435
5.440
5.445
5.440
5.435
5.430
5.435
5.435
5.420
5.425
5.425
5.430
5.435
5.410
5.410
5.405
5.420
5.415
5.405
5.385
5.385
5.395
5.385
5.390
5.395
5.380
5.375
5.375
5.395
5.385
5.380
5.365
5.365
5.360
5.370
5.365
5.360
5.350
5.345
5.360
5.360
5.355
5.350
5.345
5.340
5.350
5.360
5.355
5.360
5.340
5.345
5.350
5.355
5.345
5.350
5.340
5.325
5.340
5.330
5.335
5.335
5.340
5.320
5.330
5.330
5.350
5.345
5.335
5.340
5.335
5.360
5.355
5.365
5.355
5.330
5.325
5.335
5.365
5.340
5.330
5.335
5.345
5.345
5.345
5.350
5.350
5.340
5.340
5.335
5.325
5.300
5.295
5.305
5.310
5.335
5.320
5.305
5.300
5.310
5.315
5.330
5.325
5.325
5.310
5.300
5.310
5.340
5.325
5.315
5.305
5.295
5.300
5.310
5.315
5.295
5.305
5.280
5.300
5.320
5.315
5.310
5.295
5.305
5.305
5.320
5.330
5.335
5.335
5.335
5.365
5.375
5.380
5.385
5.380
5.380
5.385
5.365
5.370
5.350
5.350
5.330
5.335
5.335
5.330
5.340
5.320
5.325
5.320
5.325
5.315
5.305
5.295
5.280
5.285
5.275
5.275
5.275
5.270
5.265
5.270
5.285
5.285
5.285
5.270
5.255
5.265
5.255
5.280
5.265
5.260
5.245
5.245
5.275
5.275
5.260
5.265
5.255
5.250
5.265
5.260
5.255
5.250
5.240
5.250
5.255
5.260
5.250
5.240
5.220
5.160
5.075
4.960
4.810
4.620
4.395
4.120
3.820
3.585
3.505
3.550
3.605
3.670
3.725
3.805
3.870
3.900
3.930
3.975
4.030
4.095
4.145
4.200
4.275
4.325
4.395
4.485
4.585
4.680
4.765
4.865
4.945
5.020
5.085
5.150
5.215
5.290
5.355
5.415
5.450
5.465
5.480
5.495
5.500
5.485
5.485
5.495
5.505
5.525
5.540
5.550
5.550
5.540
5.535
5.545
5.565
5.560
5.560
5.565
5.565
5.575
5.590
5.600
5.605
5.605
5.610
5.610
5.610
5.605
5.615
5.605
5.605
5.615
5.620
5.610
5.630
5.625
5.620
5.615
5.620
5.625
5.635
5.625
5.620
5.630
5.635
5.640
5.645
5.630
5.615
5.625
5.635
5.630
5.625
5.615
5.605
5.615
5.610
5.615
5.615
5.590
5.590
5.595
5.590
5.595
5.590
5.590
5.575
5.595
5.610
5.585
5.570
5.560
5.555
5.540
5.520
5.510
5.495
5.485
5.470
5.470
5.465
5.455
5.455
5.440
5.440
5.440
5.440
5.410
5.385
5.345
5.335
5.325
5.330
5.315
5.315
5.300
5.295
5.295
5.290
5.290
5.290
5.275
5.260
5.275
5.300
5.285
5.290
5.290
5.330
5.320
5.300
5.270
5.245
5.235
5.250
5.250
5.270
5.265
5.280
5.260
5.255
5.255
5.270
5.265
5.280
5.285
5.310
5.385
5.400
5.325
5.250
5.225
5.235
5.270
5.280
5.275
5.275
5.265
5.275
5.275
5.300
5.300
5.315
5.300
5.295
5.295
5.305
5.280
5.280
5.275
5.270
5.275
5.285
5.280
5.275
5.265
5.280
5.325
5.375
5.355
5.275
5.205
5.185
5.215
5.225
5.240
5.230
5.215
5.225
5.220
5.235
5.230
5.220
5.215
5.205
5.220
5.230
5.230
5.235
5.210
5.185
5.175
5.205
5.200
5.205
5.175
5.170
5.165
5.170
5.180
5.175
5.150
5.135
5.135
5.130
5.140
5.140
5.125
5.125
5.125
5.130
5.135
5.140
5.125
5.120
5.140
5.145
5.145
5.130
5.120
5.115
5.115
5.125
5.110
5.095
5.095
5.085
5.095
5.110
5.105
5.090
5.090
5.085
5.095
5.100
5.105
5.090
5.090
5.090
5.105
5.100
5.110
5.095
5.085
5.085
5.080
5.100
5.085
5.085
5.090
5.085
5.085
5.095
5.085
5.085
5.080
5.095
5.090
5.100
5.100
5.105
5.080
5.085
5.090
5.095
5.085
5.085
5.080
5.070
5.070
5.105
5.100
5.105
5.080
5.085
5.090
5.105
5.115
5.100
5.095
5.095
5.105
5.110
5.095
5.085
5.080
5.095
5.105
5.095
5.105
5.090
5.090
5.080
5.090
5.110
5.095
5.105
5.100
5.105
5.115
5.140
5.150
5.155
5.155
5.165
5.170
5.175
5.180
5.170
5.180
5.175
5.165
5.165
5.155
5.150
5.135
5.140
5.135
5.155
5.145
5.150
5.140
5.140
5.145
5.150
5.140
5.120
5.100
5.110
5.115
5.105
5.095
5.075
5.060
5.070
5.065
5.085
5.075
5.075
5.070
5.070
5.070
5.090
5.090
5.070
5.065
5.065
5.065
5.080
5.080
5.070
5.055
5.045
5.060
5.075
5.070
5.060
5.060
5.065
5.060
5.075
5.065
5.070
5.055
5.055
5.060
5.065
5.045
5.065
5.050
5.055
5.050
5.005
4.915
4.805
4.680
4.520
4.350
4.140
3.885
3.610
3.390
3.275
3.280
3.345
3.390
3.435
3.460
3.525
3.580
3.645
3.670
3.700
3.725
3.780
3.835
3.905
3.950
4.015
4.070
4.120
4.175
4.245
4.330
4.440
4.525
4.610
4.705
4.800
4.875
4.940
4.990
5.075
5.160
5.220
5.260
5.315
5.325
5.345
5.350
5.370
5.390
5.435
5.465
5.480
5.440
5.400
5.385
5.395
5.425
5.440
5.450
5.475
5.480
5.475
5.465
5.460
5.475
5.495
5.480
5.490
5.500
5.515
5.540
5.570
5.585
5.570
5.505
5.470
5.485
5.515
5.515
5.530
5.545
5.570
5.565
5.540
5.505
5.495
5.500
5.505
5.530
5.550
5.535
5.530
5.505
5.515
5.535
5.560
5.560
5.550
5.515
5.495
5.490
5.485
5.480
5.480
5.475
5.460
5.480
5.465
5.460
5.445
5.430
5.440
5.430
5.415
5.400
5.390
5.375
5.360
5.355
5.340
5.320
5.305
5.270
5.250
5.235
5.230
5.200
5.185
5.165
5.145
5.140
5.140
5.130
5.105
5.085
5.075
5.080
5.075
5.065
5.065
5.045
5.045
5.050
5.050
5.050
5.050
5.030
5.030
5.035
5.060
5.060
5.065
5.060
5.060
5.060
5.060
5.070
5.065
5.055
5.055
5.075
5.075
5.080
5.075
5.060
5.070
5.095
5.100
5.110
5.115
5.110
5.110
5.120
5.150
5.160
5.160
5.145
5.150
5.165
5.185
5.195
5.195
5.205
5.210
5.230
5.260
5.260
5.270
5.265
5.285
5.290
5.315
5.320
5.315
5.305
5.315
5.305
5.330
5.330
5.330
5.320
5.335
5.345
5.375
5.385
5.390
5.390
5.390
5.400
5.420
5.425
5.405
5.415
5.410
5.430
5.440
5.435
5.430
5.420
5.420
5.425
5.435
5.445
5.435
5.425
5.435
5.440
5.445
5.435
5.435
5.425
5.425
5.440
5.445
5.455
5.445
5.445
5.435
5.445
5.455
5.445
5.440
5.435
5.430
5.430
5.450
5.450
5.440
5.440
5.430
5.445
5.450
5.460
5.460
5.465
5.455
5.475
5.490
5.475
5.480
5.465
5.465
5.460
5.485
5.480
5.470
5.450
5.450
5.465
5.480
5.480
5.475
5.470
5.445
5.460
5.470
5.460
5.475
5.460
5.460
5.460
5.475
5.475
5.465
5.455
5.450
5.460
5.480
5.470
5.460
5.450
5.440
5.455
5.460
5.460
5.460
5.445
5.440
5.445
5.465
5.460
5.460
5.450
5.440
5.440
5.450
5.450
5.450
5.430
5.420
5.445
5.445
5.435
5.455
5.440
5.430
5.450
5.450
5.445
5.450
5.440
5.440
5.445
5.450
5.465
5.445
5.420
5.420
5.430
5.440
5.440
5.430
5.430
5.430
5.450
5.475
5.475
5.480
5.475
5.475
5.505
5.510
5.525
5.520
5.515
5.510
5.510
5.490
5.495
5.485
5.455
5.455
5.450
5.465
5.470
5.465
5.445
5.440
5.445
5.450
5.440
5.430
5.430
5.410
5.415
5.400
5.375
5.380
5.365
5.365
5.380
5.370
5.370
5.355
5.355
5.355
5.355
5.370
5.370
5.370
5.360
5.355
5.365
5.370
5.370
5.360
5.350
5.335
5.355
5.355
5.345
5.350
5.345
5.340
5.345
5.345
5.340
5.335
5.320
5.325
5.345
5.350
5.345
5.295
5.215
5.115
5.010
4.900
4.740
4.515
4.245
3.965
3.755
3.670
3.685
3.730
3.770
3.815
3.870
3.940
3.995
4.035
4.050
4.095
4.155
4.205
4.250
4.300
4.350
4.405
4.460
4.540
4.645
4.730
4.830
4.905
4.985
5.080
5.165
5.230
5.290
5.365
5.410
5.465
5.500
5.515
5.505
5.530
5.540
5.545
5.570
5.550
5.560
5.555
5.575
5.585
5.585
5.585
5.580
5.580
5.595
5.610
5.615
5.610
5.605
5.610
5.610
5.625
5.615
5.615
5.610
5.620
5.625
5.645
5.645
5.630
5.625
5.610
5.630
5.630
5.625
5.630
5.620
5.620
5.630
5.645
5.630
5.630
5.615
5.610
5.615
5.630
5.625
5.615
5.615
5.615
5.620
5.630
5.615
5.625
5.610
5.615
5.620
5.630
5.615
5.620
5.600
5.590
5.605
5.605
5.595
5.580
5.580
5.570
5.560
5.580
5.570
5.560
5.545
5.540
5.540
5.550
5.525
5.525
5.500
5.500
5.495
5.500
5.480
5.460
5.445
5.440
5.425
5.420
5.405
5.395
5.380
5.360
5.370
5.355
5.350
5.345
5.325
5.325
5.325
5.320
5.320
5.315
5.305
5.295
5.275
5.300
5.295
5.285
5.275
5.275
5.295
5.305
5.305
5.280
5.285
5.275
5.290
5.305
5.305
5.320
5.320
5.310
5.350
5.360
5.345
5.310
5.285
5.280
5.295
5.310
5.310
5.300
5.280
5.290
5.305
5.315
5.320
5.310
5.310
5.310
5.325
5.335
5.340
5.330
5.325
5.315
5.335
5.340
5.345
5.330
5.315
5.315
5.320
5.340
5.340
5.340
5.325
5.335
5.335
5.335
5.340
5.330
5.325
5.315
5.325
5.335
5.320
5.315
5.310
5.305
5.315
5.325
5.315
5.310
5.295
5.285
5.285
5.315
5.295
5.290
5.285
5.285
5.300
5.310
5.310
5.300
5.305
5.320
5.355
5.380
5.320
5.265
5.240
5.230
5.255
5.275
5.265
5.255
5.260
5.250
5.260
5.285
5.275
5.270
5.260
5.255
5.255
5.265
5.260
5.245
5.235
5.230
5.250
5.270
5.245
5.235
5.225
5.230
5.230
5.235
5.245
5.235
5.235
5.235
5.235
5.245
5.235
5.225
5.210
5.215
5.220
5.225
5.235
5.205
5.220
5.205
5.220
5.235
5.230
5.220
5.215
5.225
5.225
5.245
5.235
5.220
5.225
5.210
5.225
5.230
5.220
5.195
5.205
5.205
5.225
5.240
5.230
5.225
5.225
5.210
5.230
5.235
5.230
5.235
5.215
5.220
5.210
5.215
5.215
5.220
5.210
5.215
5.210
5.220
5.215
5.210
5.195
5.215
5.230
5.230
5.225
5.235
5.215
5.210
5.220
5.220
5.220
5.215
5.210
5.220
5.235
5.255
5.265
5.260
5.270
5.280
5.285
5.305
5.305
5.315
5.315
5.300
5.285
5.290
5.280
5.275
5.255
5.245
5.255
5.270
5.260
5.250
5.260
5.255
5.260
5.255
5.245
5.255
5.230
5.230
5.220
5.225
5.210
5.195
5.195
5.180
5.200
5.200
5.205
5.195
5.185
5.185
5.190
5.200
5.195
5.195
5.185
5.180
5.185
5.195
5.195
5.185
5.170
5.170
5.175
5.180
5.180
5.180
5.165
5.165
5.170
5.175
5.175
5.160
5.165
5.175
5.175
5.150
5.080
4.965
4.860
4.730
4.570
4.385
4.105
3.815
3.595
3.515
3.535
3.600
3.645
3.670
3.730
3.785
3.865
3.910
3.930
3.975
4.000
4.065
4.130
4.195
4.245
4.295
4.345
4.430
4.560
4.665
4.745
4.820
4.900
4.990
5.075
5.155
5.220
5.275
5.315
5.355
5.385
5.425
5.425
5.425
5.430
5.445
5.460
5.460
5.470
5.480
5.480
5.470
5.500
5.505
5.515
5.505
5.505
5.505
5.525
5.530
5.530
5.530
5.525
5.515
5.525
5.540
5.530
5.545
5.530
5.530
5.545
5.550
5.540
5.535
5.530
5.535
5.555
5.570
5.560
5.555
5.555
5.560
5.570
5.575
5.570
5.560
5.550
5.550
5.565
5.585
5.570
5.570
5.550
5.550
5.560
5.565
5.560
5.565
5.555
5.550
5.540
5.550
5.550
5.540
5.535
5.515
5.520
5.530
5.510
5.520
5.495
5.495
5.490
5.495
5.475
5.465
5.455
5.445
5.445
5.445
5.435
5.420
5.400
5.370
5.380
5.380
5.360
5.350
5.335
5.315
5.310
5.305
5.300
5.280
5.270
5.255
5.260
5.275
5.265
5.255
5.240
5.240
5.250
5.255
5.250
5.240
5.240
5.230
5.235
5.250
5.245
5.240
5.240
5.235
5.250
5.260
5.270
5.255
5.245
5.260
5.255
5.265
5.265
5.270
5.260
5.260
5.270
5.280
5.275
5.275
5.265
5.260
5.285
5.295
5.300
5.295
5.285
5.290
5.300
5.320
5.305
5.300
5.295
5.280
5.295
5.305
5.300
5.300
5.285
5.295
5.300
5.305
5.305
5.290
5.295
5.295
5.295
5.300
5.295
5.280
5.270
5.260
5.270
5.280
5.270
5.260
5.245
5.245
5.265
5.280
5.265
5.255
5.270
5.260
5.250
5.255
5.270
5.245
5.225
5.215
5.250
5.240
5.245
5.235
5.235
5.220
5.235
5.250
5.225
5.240
5.220
5.220
5.230
5.240
5.240
5.220
5.210
5.215
5.215
5.230
5.230
5.215
5.200
5.200
5.210
5.220
5.220
5.205
5.210
5.210
5.225
5.230
5.220
5.215
5.215
5.215
5.200
5.225
5.215
5.215
5.195
5.185
5.200
5.205
5.205
5.205
5.195
5.200
5.210
5.235
5.215
5.210
5.195
5.210
5.210
5.215
5.215
5.205
5.200
5.185
5.210
5.230
5.215
5.210
5.195
5.185
5.220
5.225
5.220
5.215
5.195
5.205
5.210
5.215
5.210
5.205
5.190
5.190
5.200
5.220
5.205
5.205
5.210
5.210
5.225
5.240
5.255
5.260
5.250
5.265
5.290
5.295
5.290
5.300
5.290
5.270
5.270
5.260
5.265
5.245
5.220
5.220
5.230
5.225
5.250
5.240
5.235
5.235
5.220
5.230
5.230
5.205
5.190
5.160
5.165
5.170
5.165
5.160
5.145
5.150
5.155
5.160
5.165
5.160
5.165
5.145
5.150
5.170
5.155
5.150
5.145
5.145
5.145
5.150
5.165
5.150
5.135
5.130
5.145
5.150
5.140
5.140
5.140
5.130
5.145
5.145
5.140
5.145
5.145
5.130
5.095
5.025
4.905
4.795
4.655
4.465
4.230
3.965
3.670
3.510
3.490
3.550
3.610
3.660
3.700
3.760
3.805
3.845
3.900
3.950
4.000
4.050
4.100
4.160
4.230
4.295
4.355
4.440
4.560
4.660
4.755
4.840
4.925
4.995
5.050
5.115
5.190
5.250
5.300
5.330
5.355
5.360
5.395
5.395
5.420
5.420
5.420
5.430
5.445
5.470
5.455
5.475
5.465
5.470
5.485
5.490
5.485
5.485
5.480
5.485
5.505
5.520
5.510
5.500
5.495
5.515
5.515
5.535
5.530
5.530
5.525
5.520
5.535
5.540
5.530
5.535
5.530
5.525
5.540
5.545
5.545
5.540
5.530
5.530
5.545
5.560
5.560
5.550
5.535
5.540
5.550
5.560
5.550
5.550
5.530
5.520
5.535
5.540
5.520
5.520
5.510
5.500
5.510
5.525
5.510
5.500
5.495
5.480
5.490
5.490
5.475
5.455
5.450
5.430
5.430
5.420
5.405
5.390
5.380
5.360
5.365
5.370
5.345
5.325
5.315
5.305
5.305
5.310
5.280
5.285
5.255
5.255
5.265
5.265
5.260
5.240
5.235
5.235
5.220
5.245
5.240
5.230
5.225
5.230
5.235
5.255
5.240
5.245
5.245
5.245
5.240
5.255
5.260
5.250
5.230
5.250
5.250
5.255
5.255
5.250
5.250
5.260
5.270
5.270
5.290
5.280
5.275
5.275
5.290
5.295
5.290
5.280
5.275
5.285
5.300
5.300
5.295
5.290
5.290
5.290
5.295
5.325
5.315
5.305
5.295
5.300
5.310
5.305
5.315
5.320
5.290
5.280
5.300
5.315
5.305
5.295
5.290
5.280
5.290
5.295
5.285
5.285
5.280
5.285
5.290
5.285
5.285
5.275
5.270
5.265
5.270
5.275
5.290
5.265
5.255
5.265
5.250
5.270
5.260
5.260
5.250
5.255
5.265
5.280
5.280
5.265
5.265
5.250
5.245
5.265
5.265
5.250
5.250
5.245
5.245
5.260
5.270
5.250
5.250
5.240
5.255
5.265
5.265
5.250
5.240
5.240
5.260
5.270
5.260
5.250
5.235
5.235
5.245
5.265
5.260
5.245
5.250
5.235
5.255
5.260
5.245
5.250
5.250
5.240
5.255
5.260
5.250
5.255
5.245
5.230
5.250
5.265
5.255
5.250
5.230
5.240
5.255
5.265
5.255
5.245
5.240
5.245
5.260
5.275
5.255
5.260
5.240
5.240
5.250
5.265
5.245
5.245
5.240
5.230
5.245
5.245
5.255
5.245
5.240
5.230
5.245
5.250
5.265
5.270
5.265
5.280
5.295
5.315
5.310
5.310
5.320
5.325
5.335
5.350
5.350
5.350
5.325
5.300
5.310
5.305
5.305
5.290
5.285
5.280
5.290
5.290
5.305
5.285
5.270
5.265
5.270
5.265
5.265
5.255
5.230
5.230
5.230
5.230
5.220
5.220
5.205
5.205
5.225
5.240
5.230
5.215
5.225
5.225
5.230
5.240
5.230
5.220
5.215
5.210
5.210
5.230
5.220
5.230
5.220
5.210
5.235
5.225
5.230
5.230
5.225
5.215
5.230
5.230
5.220
5.220
5.210
5.220
5.240
5.220
5.155
5.055
4.950
4.830
4.705
4.525
4.285
3.990
3.715
3.580
3.550
3.610
3.660
3.680
3.720
3.790
3.850
3.900
3.920
3.950
3.990
4.045
4.105
4.170
4.240
4.285
4.330
4.390
4.495
4.620
4.700
4.790
4.845
4.920
5.010
5.095
5.155
5.215
5.255
5.325
5.385
5.430
5.450
5.460
5.465
5.480
5.490
5.525
5.520
5.530
5.535
5.540
5.560
5.580
5.565
5.570
5.560
5.565
5.570
5.590
5.580
5.575
5.570
5.580
5.595
5.600
5.610
5.610
5.605
5.605
5.615
5.625
5.630
5.635
5.610
5.625
5.635
5.635
5.635
5.630
5.635
5.625
5.635
5.650
5.645
5.650
5.640
5.625
5.645
5.665
5.660
5.660
5.645
5.655
5.655
5.665
5.660
5.660
5.645
5.640
5.645
5.655
5.645
5.625
5.625
5.625
5.625
5.630
5.635
5.615
5.615
5.600
5.605
5.590
5.585
5.565
5.545
5.535
5.540
5.520
5.510
5.490
5.470
5.460
5.450
5.460
5.435
5.430
5.410
5.400
5.390
5.395
5.375
5.360
5.355
5.340
5.345
5.350
5.345
5.350
5.325
5.335
5.335
5.345
5.340
5.335
5.350
5.335
5.340
5.355
5.340
5.345
5.330
5.335
5.335
5.355
5.365
5.350
5.345
5.350
5.355
5.375
5.370
5.380
5.370
5.380
5.390
5.395
5.395
5.400
5.395
5.390
5.400
5.410
5.415
5.400
5.390
5.395
5.400
5.420
5.415
5.420
5.415
5.415
5.430
5.435
5.425
5.430
5.410
5.420
5.430
5.425
5.430
5.420
5.400
5.410
5.415
5.425
5.415
5.410
5.400
5.395
5.410
5.420
5.410
5.405
5.410
5.395
5.405
5.410
5.400
5.390
5.375
5.380
5.380
5.395
5.385
5.380
5.370
5.370
5.385
5.395
5.390
5.375
5.375
5.375
5.390
5.400
5.390
5.380
5.370
5.365
5.375
5.395
5.380
5.370
5.360
5.365
5.360
5.370
5.375
5.350
5.360
5.360
5.365
5.385
5.380
5.380
5.365
5.370
5.375
5.380
5.365
5.370
5.360
5.355
5.370
5.385
5.380
5.365
5.365
5.365
5.370
5.370
5.380
5.370
5.380
5.360
5.370
5.395
5.380
5.380
5.370
5.360
5.370
5.390
5.380
5.375
5.365
5.370
5.370
5.385
5.370
5.365
5.360
5.370
5.385
5.390
5.370
5.370
5.375
5.365
5.370
5.380
5.380
5.365
5.360
5.360
5.360
5.370
5.360
5.370
5.355
5.370
5.395
5.405
5.420
5.435
5.440
5.445
5.465
5.475
5.465
5.460
5.450
5.445
5.445
5.440
5.425
5.425
5.415
5.410
5.405
5.405
5.405
5.400
5.410
5.405
5.420
5.415
5.410
5.400
5.375
5.375
5.370
5.370
5.350
5.335
5.340
5.330
5.335
5.345
5.335
5.335
5.325
5.310
5.330
5.350
5.335
5.325
5.315
5.310
5.325
5.335
5.325
5.320
5.300
5.295
5.305
5.310
5.300
5.310
5.315
5.300
5.305
5.315
5.310
5.310
5.300
5.300
5.320
5.320
5.310
5.265
5.175
5.060
4.940
4.805
4.600
4.340
4.015
3.720
3.570
3.575
3.635
3.695
3.730
3.780
3.865
3.925
3.955
3.995
4.035
4.085
4.150
4.230
4.285
4.340
4.405
4.465
4.570
4.700
4.780
4.880
4.960
5.055
5.145
5.240
5.300
5.370
5.420
5.480
5.520
5.555
5.575
5.580
5.580
5.590
5.595
5.610
5.615
5.625
5.605
5.630
5.645
5.670
5.675
5.665
5.660
5.650
5.665
5.695
5.690
5.680
5.685
5.680
5.685
5.705
5.695
5.695
5.695
5.700
5.695
5.710
5.720
5.705
5.705
5.715
5.720
5.725
5.725
5.715
5.705
5.710
5.720
5.725
5.725
5.710
5.710
5.715
5.735
5.730
5.735
5.735
5.730
5.715
5.725
5.725
5.715
5.715
5.700
5.695
5.705
5.715
5.690
5.685
5.675
5.680
5.680
5.675
5.665
5.660
5.635
5.630
5.630
5.645
5.605
5.600
5.570
5.565
5.570
5.570
5.545
5.535
5.510
5.500
5.505
5.500
5.480
5.460
5.450
5.440
5.440
5.455
5.430
5.415
5.410
5.410
5.410
5.415
5.400
5.380
5.370
5.380
5.370
5.400
5.390
5.395
5.380
5.380
5.400
5.405
5.405
5.410
5.405
5.400
5.410
5.415
5.410
5.405
5.390
5.390
5.405
5.425
5.410
5.425
5.415
5.410
5.420
5.435
5.435
5.430
5.420
5.425
5.445
5.460
5.445
5.440
5.430
5.445
5.440
5.455
5.445
5.440
5.445
5.430
5.440
5.465
5.455
5.445
5.435
5.440
5.445
5.460
5.450
5.445
5.430
5.435
5.440
5.450
5.435
5.425
5.415
5.405
5.420
5.415
5.405
5.405
5.395
5.385
5.395
5.390
5.385
5.375
5.375
5.385
5.390
5.395
5.380
5.375
5.365
5.355
5.370
5.375
5.370
5.350
5.355
5.350
5.365
5.370
5.355
5.355
5.340
5.355
5.355
5.370
5.355
5.355
5.340
5.340
5.365
5.360
5.355
5.350
5.340
5.340
5.340
5.355
5.350
5.340
5.330
5.335
5.345
5.360
5.365
5.370
5.345
5.355
5.360
5.375
5.365
5.350
5.350
5.340
5.355
5.355
5.355
5.345
5.340
5.345
5.345
5.365
5.345
5.350
5.345
5.355
5.365
5.370
5.365
5.340
5.340
5.330
5.345
5.360
5.350
5.355
5.330
5.335
5.360
5.355
5.355
5.350
5.340
5.340
5.355
5.375
5.360
5.355
5.350
5.345
5.365
5.360
5.365
5.345
5.350
5.345
5.340
5.360
5.345
5.355
5.335
5.350
5.355
5.355
5.360
5.360
5.345
5.350
5.360
5.375
5.370
5.375
5.365
5.380
5.410
5.415
5.415
5.425
5.420
5.425
5.440
5.460
5.450
5.425
5.410
5.405
5.395
5.400
5.370
5.365
5.350
5.355
5.375
5.380
5.375
5.355
5.325
5.335
5.330
5.345
5.330
5.310
5.285
5.295
5.310
5.310
5.310
5.295
5.285
5.285
5.290
5.280
5.280
5.270
5.260
5.265
5.285
5.290
5.290
5.270
5.275
5.270
5.285
5.290
5.295
5.290
5.270
5.280
5.290
5.300
5.290
5.285
5.275
5.280
5.300
5.295
5.300
5.295
5.280
5.290
5.310
5.320
5.275
5.220
5.150
5.060
4.980
4.875
4.720
4.490
4.215
3.965
3.820
3.790
3.810
3.830
3.855
3.900
3.945
4.010
4.060
4.080
4.100
4.145
4.180
4.240
4.285
4.320
4.365
4.415
4.470
4.540
4.600
4.685
4.780
4.875
4.970
5.030
5.105
5.175
5.225
5.295
5.355
5.410
5.450
5.495
5.495
5.525
5.540
5.570
5.575
5.585
5.585
5.605
5.615
5.630
5.635
5.620
5.615
5.620
5.645
5.650
5.645
5.650
5.655
5.655
5.670
5.680
5.685
5.680
5.670
5.680
5.685
5.690
5.700
5.695
5.685
5.695
5.705
5.715
5.720
5.705
5.700
5.700
5.720
5.725
5.715
5.725
5.715
5.720
5.735
5.735
5.735
5.725
5.730
5.725
5.730
5.745
5.735
5.725
5.720
5.725
5.725
5.735
5.735
5.710
5.705
5.695
5.700
5.710
5.715
5.695
5.680
5.680
5.675
5.690
5.680
5.665
5.655
5.655
5.645
5.655
5.650
5.620
5.600
5.600
5.605
5.610
5.590
5.580
5.560
5.555
5.550
5.550
5.540
5.505
5.490
5.490
5.475
5.475
5.465
5.435
5.420
5.425
5.415
5.425
5.405
5.400
5.385
5.375
5.395
5.390
5.390
5.380
5.365
5.370
5.365
5.380
5.375
5.355
5.355
5.355
5.365
5.375
5.375
5.355
5.350
5.365
5.360
5.365
5.365
5.365
5.360
5.375
5.380
5.380
5.385
5.380
5.370
5.365
5.380
5.390
5.385
5.375
5.365
5.385
5.385
5.405
5.400
5.395
5.380
5.385
5.410
5.405
5.415
5.405
5.405
5.395
5.395
5.405
5.405
5.390
5.385
5.395
5.385
5.400
5.400
5.395
5.370
5.380
5.400
5.395
5.400
5.375
5.380
5.370
5.360
5.380
5.370
5.375
5.350
5.340
5.365
5.375
5.365
5.350
5.340
5.355
5.360
5.370
5.370
5.360
5.340
5.350
5.350
5.355
5.350
5.340
5.340
5.335
5.335
5.345
5.340
5.320
5.325
5.335
5.330
5.340
5.340
5.325
5.325
5.315
5.330
5.330
5.320
5.310
5.305
5.325
5.320
5.325
5.305
5.315
5.305
5.320
5.315
5.320
5.315
5.310
5.300
5.320
5.330
5.325
5.310
5.305
5.290
5.290
5.295
5.300
5.310
5.290
5.290
5.290
5.305
5.310
5.310
5.285
5.270
5.280
5.285
5.305
5.305
5.290
5.270
5.290
5.290
5.295
5.290
5.280
5.265
5.270
5.280
5.275
5.280
5.270
5.250
5.260
5.275
5.275
5.265
5.255
5.250
5.265
5.270
5.285
5.275
5.265
5.245
5.245
5.275
5.295
5.300
5.295
5.310
5.310
5.335
5.350
5.340
5.325
5.310
5.315
5.320
5.300
5.305
5.290
5.260
5.260
5.265
5.270
5.265
5.255
5.255
5.265
5.255
5.265
5.255
5.230
5.215
5.225
5.225
5.235
5.215
5.195
5.180
5.190
5.185
5.195
5.190
5.180
5.165
5.180
5.170
5.185
5.190
5.185
5.165
5.150
5.180
5.175
5.175
5.175
5.165
5.160
5.155
5.175
5.180
5.155
5.165
5.160
5.160
5.155
5.155
5.140
5.145
5.140
5.145
5.155
5.160
5.150
5.145
5.150
5.130
5.110
5.015
4.935
4.830
4.725
4.600
4.415
4.155
3.875
3.645
3.555
3.550
3.590
3.640
3.655
3.690
3.730
3.785
3.835
3.845
3.880
3.900
3.925
3.980
4.020
4.075
4.115
4.155
4.195
4.255
4.320
4.405
4.480
4.550
4.635
4.720
4.800
4.860
4.890
4.915
4.965
5.040
5.095
5.150
5.175
5.170
5.190
5.205
5.215
5.235
5.245
5.230
5.250
5.240
5.255
5.255
5.265
5.260
5.270
5.285
5.305
5.300
5.300
5.280
5.305
5.310
5.325
5.325
5.315
5.310
5.315
5.340
5.345
5.330
5.330
5.325
5.345
5.355
5.360
5.380
5.390
5.360
5.345
5.355
5.355
5.345
5.340
5.345
5.355
5.380
5.380
5.355
5.345
5.340
5.350
5.355
5.335
5.305
5.285
5.275
5.290
5.315
5.340
5.345
5.310
5.285
5.245
5.250
5.265
5.290
5.275
5.250
5.230
5.255
5.290
5.340
5.315
5.220
5.130
5.090
5.090
5.095
5.095
5.085
5.085
5.075
5.095
5.075
5.040
5.010
5.015
5.030
5.035
5.045
5.045
5.035
4.990
4.940
4.935
4.930
4.925
4.900
4.925
4.925
4.925
4.920
4.920
4.910
4.905
4.925
4.950
4.945
4.930
4.910
4.930
4.965
4.970
4.925
4.910
4.935
4.970
5.005
5.000
4.975
4.975
4.975
4.970
4.975
5.025
5.100
5.085
5.005
4.980
5.010
5.020
4.955
4.855
4.830
4.860
4.900
4.925
4.930
4.935
4.935
4.965
4.975
4.975
4.985
4.985
5.005
5.055
5.065
5.025
4.990
5.000
5.010
5.000
5.015
5.010
4.995
4.990
5.020
5.040
5.045
5.015
5.000
4.995
4.985
5.010
5.050
5.065
5.000
4.900
4.835
4.870
4.935
4.980
4.940
4.895
4.885
4.930
4.980
4.960
4.885
4.860
4.855
4.890
4.900
4.905
4.905
4.885
4.865
4.875
4.890
4.885
4.885
4.870
4.865
4.865
4.885
4.915
4.925
4.925
4.880
4.855
4.835
4.870
4.895
4.935
4.935
4.895
4.845
4.810
4.805
4.840
4.820
4.840
4.855
4.870
4.860
4.855
4.840
4.855
4.870
4.870
4.875
4.875
4.875
4.875
4.875
4.885
4.915
4.925
4.910
4.940
5.005
5.070
5.090
4.975
4.820
4.740
4.735
4.785
4.820
4.830
4.855
4.855
4.885
4.890
4.860
4.840
4.830
4.855
4.850
4.850
4.850
4.850
4.850
4.865
4.865
4.880
4.865
4.860
4.865
4.855
4.870
4.890
4.900
4.890
4.870
4.875
4.895
4.910
4.915
4.920
4.915
4.920
4.945
4.965
4.965
4.950
4.950
4.975
4.985
4.980
4.960
4.950
4.945
4.945
4.945
4.950
4.945
4.930
4.935
4.980
5.010
5.000
4.985
4.980
4.965
4.945
4.930
4.930
4.905
4.850
4.810
4.830
4.860
4.890
4.885
4.880
4.875
4.895
4.920
4.945
4.950
4.925
4.910
4.920
4.870
4.820
4.825
4.850
4.865
4.860
4.850
4.875
4.880
4.875
4.895
4.915
4.910
4.890
4.885
4.915
4.950
4.945
4.910
4.865
4.860
4.920
4.980
5.010
4.940
4.765
4.505
4.260
4.065
3.875
3.670
3.470
3.360
3.355
3.395
3.440
3.485
3.545
3.610
3.650
3.675
3.725
3.790
3.855
3.925
4.005
4.080
4.180
4.260
4.290
4.290
4.285
4.350
4.450
4.575
4.660
4.760
4.825
4.885
4.955
5.030
5.075
5.095
5.115
5.110
5.140
5.185
5.210
5.220
5.230
5.240
5.220
5.210
5.225
5.230
5.240
5.225
5.240
5.265
5.270
5.280
5.270
5.270
5.290
5.305
5.320
5.320
5.325
5.315
5.370
5.455
5.560
5.545
5.410
5.340
5.395
5.520
5.705
5.975
6.180
6.035
5.555
5.175
5.140
5.285
5.460
5.740
6.110
6.260
5.850
5.210
4.670
4.640
4.815
4.955
5.050
5.110
5.190
5.310
5.500
5.740
5.840
5.750
5.765
5.960
5.955
5.540
4.985
4.695
4.720
4.895
5.060
5.235
5.535
6.090
6.570
6.530
5.890
5.250
4.610
4.220
4.215
4.390
4.610
4.905
5.440
6.025
6.135
5.575
4.935
4.295
3.805
4.175
4.710
5.195
5.625
5.955
5.980
5.400
4.760
4.120
4.115
4.465
4.810
5.185
5.595
5.930
6.230
6.280
5.790
5.150
4.510
4.005
3.990
4.470
5.105
5.330
5.055
4.925
5.395
6.030
6.360
5.865
5.225
4.585
3.945
3.615
3.965
4.390
4.765
5.075
5.295
5.415
5.415
5.320
5.415
5.655
5.560
5.055
4.635
4.650
4.860
4.880
4.645
4.445
4.675
5.240
5.790
5.910
5.415
4.830
4.795
5.270
5.520
5.085
4.445
4.090
4.255
4.645
5.010
5.015
4.675
4.485
4.645
4.940
5.080
5.015
4.840
4.730
4.720
4.765
4.900
5.105
5.375
5.595
5.735
5.675
5.285
5.015
5.190
5.250
4.960
4.965
5.160
4.905
4.290
3.910
3.910
4.090
4.310
4.570
4.940
5.425
5.780
5.585
4.945
4.305
3.820
4.180
4.720
5.235
5.680
5.840
5.350
4.710
4.070
3.825
4.275
4.615
4.765
4.855
4.960
5.095
5.145
5.025
4.885
4.895
4.960
4.905
4.775
4.735
4.755
4.780
4.860
4.895
4.795
4.750
4.820
4.955
5.210
5.620
5.775
5.315
4.675
4.230
4.615
5.250
5.505
5.275
5.250
5.230
4.785
4.220
4.195
4.685
5.085
5.180
5.345
5.665
5.480
4.840
4.200
3.875
4.365
4.665
4.645
4.610
4.770
5.100
5.420
5.535
5.405
5.220
5.260
5.630
6.025
5.890
5.250
4.610
4.055
4.555
4.950
4.845
4.615
4.825
5.460
5.870
5.390
4.750
4.110
4.150
4.685
4.875
4.785
4.785
5.000
5.390
5.805
5.805
5.165
4.525
3.975
4.565
5.200
5.400
4.760
4.120
4.050
4.490
4.915
5.175
5.250
5.185
5.180
5.140
4.785
4.410
4.355
4.540
4.820
5.150
5.350
5.215
4.880
4.555
4.330
4.335
4.540
4.765
4.980
5.070
4.895
4.615
4.530
4.700
4.920
4.825
4.360
3.855
3.585
3.525
3.500
3.505
3.470
3.300
3.155
3.215
3.320
3.290
3.265
3.350
3.505
3.575
3.565
3.535
3.610
3.785
3.955
4.020
4.055
4.015
3.860
3.945
4.355
4.625
4.440
4.285
4.445
4.680
4.795
4.735
4.605
4.565
4.680
4.830
4.925
4.960
5.000
5.060
5.120
5.185
5.165
5.070
5.075
5.125
5.065
4.895
4.800
4.805
4.855
4.920
5.005
5.105
5.150
5.215
5.310
5.265
5.020
4.835
4.835
4.955
5.080
5.120
5.050
4.960
4.940
4.960
4.970
5.010
5.065
5.135
5.155
5.095
4.985
4.980
5.090
5.160
5.105
4.970
4.925
4.990
5.075
5.140
5.290
5.410
5.235
4.870
4.695
4.780
4.925
4.970
4.980
4.995
5.030
5.095
5.160
5.185
5.105
4.960
4.870
4.870
4.835
4.785
4.825
4.880
4.925
4.900
4.860
4.800
4.730
4.700
4.715
4.745
4.750
4.755
4.755
4.740
4.715
4.710
4.715
4.720
4.720
4.715
4.695
4.690
4.675
4.690
4.700
4.700
4.690
4.690
4.690
4.695
4.695
4.700
4.685
4.670
4.680
4.685
4.690
4.690
4.670
4.690
4.680
4.685
4.680
4.685
4.695
4.695
4.690
4.710
4.720
4.730
4.725
4.720
4.735
4.750
4.780
4.820
4.815
4.765
4.710
4.740
4.780
4.770
4.755
4.760
4.760
4.770
4.770
4.725
4.665
4.675
4.730
4.765
4.765
4.760
4.740
4.715
4.710
4.720
4.755
4.790
4.765
4.715
4.695
4.725
4.770
4.740
4.695
4.675
4.695
4.735
4.745
4.765
4.750
4.735
4.745
4.770
4.770
4.765
4.760
4.760
4.770
4.770
4.790
4.780
4.760
4.725
4.730
4.745
4.750
4.760
4.755
4.755
4.755
4.775
4.775
4.780
4.760
4.755
4.770
4.770
4.775
4.780
4.765
4.755
4.760
4.770
4.785
4.795
4.785
4.785
4.810
4.810
4.815
4.820
4.830
4.820
4.810
4.810
4.815
4.820
4.830
4.825
4.850
4.875
4.875
4.880
4.880
4.895
4.905
4.925
4.925
4.935
4.930
4.925
4.960
4.955
4.965
4.985
4.965
4.965
4.975
4.985
4.995
4.995
4.990
4.995
5.020
5.020
5.020
5.030
5.025
5.030
5.035
5.045
5.065
5.075
5.065
5.040
5.020
5.035
5.065
5.060
5.060
5.070
5.080
5.105
5.145
5.180
5.210
5.290
5.360
5.375
5.230
5.060
5.000
5.080
5.170
5.210
5.215
5.225
5.235
5.245
5.275
5.275
5.255
5.250
5.230
5.215
5.220
5.205
5.210
5.215
5.210
5.205
5.225
5.235
5.225
5.200
5.175
5.175
5.205
5.260
5.255
5.220
5.155
5.105
5.105
5.125
5.140
5.160
5.175
5.195
5.200
5.170
5.100
5.045
5.040
5.065
5.105
5.105
5.115
5.120
5.115
5.125
5.155
5.250
5.320
5.275
5.085
4.950
4.975
5.050
5.090
5.080
5.075
5.065
5.085
5.095
5.105
5.115
5.105
5.065
5.005
4.960
4.915
4.800
4.620
4.395
4.160
3.910
3.730
3.625
3.605
3.645
3.675
3.720
3.780
3.835
3.890
3.920
3.960
3.985
4.035
4.075
4.110
4.140
4.190
4.250
4.315
4.370
4.465
4.570
4.685
4.800
4.850
4.895
4.945
4.985
5.055
5.130
5.200
5.255
5.330
5.395
5.415
5.350
5.275
5.270
5.325
5.380
5.485
5.565
5.515
5.360
5.300
5.315
5.375
5.390
5.405
5.430
5.420
5.420
5.425
5.425
5.445
5.440
5.415
5.390
5.400
5.425
5.445
5.445
5.435
5.435
5.435
5.440
5.440
5.445
5.430
5.430
5.430
5.405
5.410
5.395
5.395
5.380
5.375
5.400
5.390
5.390
5.390
5.390
5.395
5.410
5.410
5.415
5.415
5.410
5.425
5.420
5.405
5.390
5.370
5.375
5.370
5.365
5.380
5.385
5.365
5.365
5.365
5.385
5.370
5.355
5.350
5.360
5.350
5.335
5.320
5.320
5.320
5.305
5.275
5.265
5.290
5.280
5.270
5.275
5.275
5.240
5.220
5.185
5.180
5.175
5.175
5.180
5.165
5.155
5.130
5.115
5.120
5.135
5.130
5.120
5.115
5.105
5.115
5.120
5.120
5.125
5.115
5.120
5.125
5.120
5.115
5.100
5.090
5.095
5.100
5.110
5.120
5.115
5.105
5.100
5.095
5.105
5.115
5.120
5.110
5.115
5.130
5.150
5.165
5.130
5.115
5.115
5.120
5.140
5.150
5.140
5.125
5.130
5.130
5.150
5.145
5.145
5.140
5.145
5.125
5.145
5.150
5.150
5.155
5.145
5.160
5.180
5.195
5.210
5.230
5.250
5.305
5.395
5.510
5.640
5.765
5.875
6.005
6.145
6.265
6.330
6.345
6.345
6.365
6.400
6.410
6.405
6.365
6.310
6.250
6.180
6.110
6.080
6.090
6.110
6.135
6.175
6.210
6.210
6.175
6.095
6.035
5.990
5.915
5.790
5.590
5.355
5.155
5.030
4.975
4.950
4.910
4.875
4.865
4.845
4.820
4.785
4.765
4.750
4.740
4.735
4.730
4.710
4.695
4.680
4.685
4.680
4.670
4.645
4.625
4.605
4.600
4.595
4.600
4.570
4.560
4.535
4.515
4.515
4.500
4.480
4.455
4.430
4.430
4.430
4.430
4.410
4.390
4.375
4.360
4.340
4.340
4.320
4.305
4.280
4.280
4.280
4.265
4.260
4.235
4.225
4.225
4.230
4.225
4.210
4.205
4.190
4.190
4.205
4.190
4.195
4.180
4.165
4.180
4.200
4.200
4.200
4.190
4.210
4.220
4.245
4.250
4.270
4.290
4.325
4.345
4.375
4.405
4.435
4.440
4.440
4.465
4.495
4.525
4.530
4.525
4.530
4.545
4.560
4.580
4.590
4.605
4.630
4.670
4.705
4.740
4.770
4.780
4.780
4.800
4.845
4.875
4.890
4.890
4.900
4.925
4.930
4.950
4.960
4.970
4.975
4.990
5.015
5.030
5.035
5.040
5.025
5.030
5.045
5.065
5.070
5.070
5.060
5.055
5.075
5.080
5.090
5.070
5.065
5.075
5.090
5.100
5.095
5.100
5.095
5.115
5.115
5.130
5.135
5.120
5.120
5.130
5.140
5.150
5.145
5.130
5.120
5.120
5.150
5.155
5.140
5.125
5.145
5.130
5.145
5.160
5.155
5.140
5.140
5.165
5.175
5.185
5.185
5.165
5.150
5.155
5.160
5.185
5.170
5.155
5.160
5.170
5.180
5.185
5.180
5.175
5.165
5.165
5.180
5.195
5.180
5.180
5.180
5.200
5.190
5.195
5.200
5.190
5.160
5.165
5.180
5.190
5.190
5.185
5.175
5.175
5.190
5.195
5.190
5.185
5.180
5.185
5.195
5.200
5.195
5.190
5.180
5.180
5.180
5.195
5.195
5.180
5.180
5.190
5.185
5.195
5.190
5.185
5.185
5.210
5.220
5.215
5.200
5.190
5.165
5.190
5.205
5.205
5.200
5.185
5.175
5.175
5.190
5.195
5.195
5.195
5.175
5.185
5.200
5.200
5.205
5.210
5.205
5.205
5.225
5.220
5.205
5.205
5.210
5.210
5.215
5.210
5.210
5.205
5.200
5.210
5.225
5.225
5.215
5.210
5.200
5.210
5.210
5.225
5.225
5.215
5.205
5.205
5.210
5.220
5.225
5.200
5.195
5.205
5.215
5.210
5.205
5.205
5.195
5.200
5.210
5.225
5.225
5.225
5.215
5.220
5.230
5.235
5.235
5.215
5.205
5.210
5.220
5.230
5.210
5.210
5.215
5.215
5.235
5.220
5.230
5.210
5.215
5.220
5.255
5.260
5.245
5.210
5.195
5.205
5.220
5.220
5.220
5.210
5.205
5.195
5.220
5.215
5.220
5.210
5.215
5.225
5.245
5.250
5.255
5.260
5.270
5.280
5.265
5.235
5.220
5.200
5.215
5.225
5.235
5.240
5.255
5.235
5.225
5.225
5.240
5.250
5.245
5.240
5.235
5.260
5.275
5.265
5.270
5.260
5.265
5.265
5.285
5.275
5.275
5.260
5.270
5.285
5.300
5.295
5.270
5.245
5.240
5.245
5.270
5.265
5.265
5.245
5.225
5.215
5.210
5.230
5.220
5.210
5.205
5.215
5.225
5.230
5.225
5.215
5.210
5.220
5.225
5.230
5.210
5.205
5.195
5.200
5.210
5.215
5.215
5.215
5.200
5.210
5.215
5.210
5.235
5.235
5.220
5.195
5.210
5.235
5.240
5.215
5.220
5.225
5.215
5.180
5.135
5.125
5.145
5.170
5.170
5.175
5.165
5.165
5.165
5.175
5.190
5.195
5.190
5.180
5.175
5.185
5.200
5.185
5.195
5.190
5.165
5.170
5.165
5.160
5.160
5.150
5.155
5.165
5.180
5.180
5.195
5.170
5.165
5.175
5.195
5.190
5.180
5.180
5.185
5.215
5.235
5.230
5.210
5.195
5.220
5.230
5.205
5.205
5.215
5.240
5.260
5.265
5.325
5.330
5.320
5.260
5.195
5.135
5.105
5.115
5.150
5.170
5.160
5.165
5.170
5.190
5.205
5.210
5.180
5.170
5.150
5.120
5.150
5.125
5.130
5.125
5.125
5.110
5.115
5.115
5.105
5.120
5.130
5.135
5.135
5.115
5.105
5.115
5.125
5.135
5.125
5.120
5.135
5.140
5.160
5.150
5.140
5.160
5.230
5.255
5.190
5.090
5.015
4.995
5.020
5.055
5.095
5.105
5.100
5.085
5.090
5.090
5.055
5.000
4.930
4.845
4.735
4.610
4.450
4.210
3.955
3.745
3.695
3.710
3.770
3.825
3.850
3.880
3.920
3.975
4.035
4.065
4.090
4.100
4.125
4.190
4.255
4.315
4.365
4.390
4.450
4.545
4.650
4.725
4.815
4.885
4.965
5.060
5.120
5.150
5.180
5.225
5.280
5.320
5.360
5.395
5.405
5.375
5.355
5.360
5.395
5.390
5.405
5.390
5.395
5.420
5.440
5.480
5.540
5.555
5.495
5.420
5.425
5.485
5.490
5.410
5.365
5.400
5.430
5.470
5.525
5.575
5.580
5.475
5.360
5.395
5.495
5.535
5.490
5.440
5.420
5.445
5.495
5.510
5.485
5.435
5.425
5.455
5.490
5.480
5.440
5.415
5.420
5.445
5.450
5.465
5.445
5.470
5.475
5.495
5.490
5.480
5.485
5.510
5.525
5.530
5.500
5.470
5.450
5.465
5.495
5.465
5.440
5.415
5.400
5.375
5.385
5.390
5.395
5.390
5.385
5.395
5.400
5.410
5.405
5.385
5.360
5.325
5.310
5.305
5.310
5.310
5.300
5.310
5.305
5.325
5.320
5.275
5.205
5.175
5.210
5.235
5.250
5.265
5.280
5.285
5.250
5.225
5.225
5.180
5.140
5.125
5.145
5.150
5.140
5.150
5.170
5.225
5.265
5.275
5.235
5.200
5.150
5.140
5.150
5.160
5.160
5.155
5.175
5.190
5.200
5.225
5.230
5.250
5.270
5.275
5.250
5.220
5.235
5.240
5.255
5.275
5.280
5.295
5.300
5.300
5.300
5.300
5.305
5.325
5.335
5.340
5.325
5.315
5.310
5.315
5.320
5.320
5.315
5.325
5.330
5.340
5.340
5.345
5.330
5.340
5.345
5.335
5.335
5.330
5.330
5.340
5.340
5.335
5.340
5.365
5.350
5.370
5.415
5.490
5.505
5.400
5.270
5.275
5.340
5.390
5.375
5.365
5.350
5.365
5.380
5.380
5.385
5.370
5.375
5.395
5.395
5.390
5.390
5.370
5.375
5.385
5.400
5.405
5.400
5.390
5.385
5.385
5.390
5.395
5.385
5.380
5.365
5.375
5.385
5.400
5.400
5.395
5.390
5.390
5.405
5.420
5.430
5.425
5.435
5.440
5.415
5.405
5.420
5.425
5.410
5.390
5.415
5.410
5.415
5.405
5.400
5.400
5.425
5.415
5.425
5.395
5.385
5.385
5.400
5.415
5.415
5.400
5.395
5.410
5.410
5.420
5.410
5.410
5.395
5.395
5.395
5.420
5.420
5.400
5.395
5.415
5.440
5.460
5.445
5.450
5.470
5.480
5.470
5.480
5.485
5.475
5.445
5.430
5.435
5.435
5.430
5.420
5.395
5.400
5.400
5.425
5.415
5.415
5.370
5.385
5.395
5.395
5.395
5.365
5.350
5.345
5.345
5.340
5.335
5.320
5.320
5.330
5.335
5.330
5.340
5.350
5.355
5.335
5.320
5.310
5.305
5.305
5.305
5.305
5.315
5.315
5.305
5.300
5.270
5.225
5.250
5.260
5.250
5.240
5.240
5.235
5.235
5.235
5.235
5.235
5.235
5.225
5.190
5.130
5.015
4.880
4.750
4.600
4.405
4.125
3.860
3.665
3.610
3.645
3.715
3.755
3.795
3.840
3.860
3.900
3.915
3.960
3.985
4.035
4.065
4.125
4.195
4.250
4.300
4.355
4.420
4.510
4.610
4.705
4.785
4.855
4.925
5.000
5.080
5.130
5.170
5.190
5.220
5.230
5.260
5.280
5.290
5.285
5.270
5.265
5.280
5.295
5.285
5.270
5.255
5.260
5.270
5.265
5.230
5.220
5.215
5.230
5.235
5.240
5.230
5.200
5.190
5.205
5.225
5.230
5.225
5.230
5.220
5.235
5.235
5.240
5.255
5.235
5.240
5.245
5.255
5.265
5.265
5.240
5.210
5.220
5.250
5.255
5.235
5.200
5.195
5.220
5.225
5.230
5.235
5.225
5.230
5.240
5.235
5.225
5.230
5.215
5.210
5.220
5.240
5.230
5.195
5.195
5.170
5.185
5.185
5.195
5.190
5.190
5.170
5.165
5.160
5.165
5.160
5.145
5.130
5.125
5.120
5.115
5.110
5.095
5.070
5.070
5.070
5.060
5.055
5.030
5.030
5.020
5.030
5.030
5.020
4.990
4.980
4.995
5.010
5.010
5.000
4.985
4.970
4.970
4.995
4.990
5.010
5.005
4.980
4.985
4.995
5.000
5.010
5.010
4.990
5.005
5.025
5.030
5.035
5.025
5.030
5.040
5.050
5.065
5.080
5.075
5.065
5.085
5.090
5.100
5.105
5.110
5.105
5.110
5.125
5.140
5.160
5.150
5.155
5.165
5.170
5.175
5.180
5.190
5.190
5.195
5.205
5.195
5.195
5.215
5.200
5.215
5.225
5.235
5.235
5.240
5.230
5.245
5.250
5.260
5.255
5.255
5.220
5.235
5.220
5.235
5.240
5.240
5.225
5.240
5.250
5.255
5.235
5.240
5.235
5.245
5.245
5.235
5.240
5.235
5.235
5.240
5.240
5.235
5.235
5.235
5.230
5.240
5.255
5.245
5.230
5.225
5.225
5.230
5.250
5.260
5.255
5.250
5.235
5.230
5.240
5.250
5.255
5.235
5.235
5.225
5.235
5.245
5.260
5.245
5.255
5.260
5.260
5.260
5.255
5.260
5.245
5.270
5.255
5.250
5.240
5.240
5.225
5.245
5.260
5.265
5.265
5.250
5.255
5.260
5.275
5.285
5.295
5.290
5.280
5.305
5.310
5.315
5.330
5.320
5.345
5.370
5.375
5.380
5.375
5.380
5.390
5.420
5.440
5.455
5.465
5.465
5.475
5.490
5.510
5.530
5.515
5.495
5.475
5.475
5.475
5.465
5.455
5.435
5.430
5.455
5.470
5.485
5.460
5.440
5.425
5.440
5.455
5.465
5.445
5.440
5.405
5.410
5.395
5.370
5.385
5.370
5.395
5.400
5.415
5.425
5.425
5.405
5.395
5.405
5.420
5.410
5.410
5.405
5.400
5.405
5.430
5.420
5.410
5.395
5.395
5.410
5.405
5.405
5.400
5.395
5.390
5.410
5.415
5.425
5.415
5.395
5.410
5.425
5.400
5.345
5.280
5.195
5.085
4.970
4.830
4.630
4.340
4.045
3.880
3.860
3.875
3.890
3.920
3.955
4.005
4.075
4.120
4.150
4.175
4.200
4.250
4.285
4.345
4.380
4.440
4.480
4.540
4.635
4.730
4.810
4.920
4.990
5.070
5.150
5.230
5.300
5.350
5.390
5.420
5.470
5.515
5.530
5.520
5.520
5.520
5.535
5.560
5.570
5.575
5.570
5.575
5.595
5.600
5.600
5.585
5.580
5.580
5.590
5.585
5.575
5.575
5.570
5.570
5.575
5.585
5.600
5.595
5.570
5.580
5.590
5.600
5.620
5.610
5.605
5.605
5.610
5.615
5.615
5.595
5.585
5.580
5.575
5.590
5.575
5.570
5.565
5.570
5.585
5.580
5.575
5.585
5.575
5.575
5.580
5.590
5.585
5.575
5.560
5.550
5.570
5.580
5.575
5.560
5.530
5.515
5.530
5.535
5.525
5.510
5.505
5.495
5.505
5.505
5.490
5.495
5.475
5.455
5.460
5.455
5.445
5.425
5.410
5.390
5.375
5.385
5.375
5.365
5.355
5.340
5.325
5.325
5.325
5.320
5.310
5.295
5.305
5.315
5.315
5.310
5.305
5.270
5.265
5.295
5.295
5.300
5.295
5.285
5.295
5.295
5.295
5.295
5.300
5.315
5.330
5.335
5.340
5.345
5.335
5.325
5.355
5.360
5.370
5.370
5.360
5.355
5.360
5.405
5.420
5.420
5.430
5.430
5.450
5.460
5.460
5.470
5.460
5.455
5.465
5.485
5.495
5.495
5.485
5.485
5.495
5.500
5.500
5.510
5.500
5.490
5.505
5.520
5.525
5.515
5.505
5.500
5.505
5.520
5.530
5.515
5.510
5.515
5.510
5.525
5.520
5.520
5.520
5.505
5.535
5.550
5.545
5.525
5.500
5.490
5.505
5.505
5.500
5.500
5.490
5.480
5.490
5.490
5.500
5.505
5.485
5.485
5.490
5.510
5.505
5.500
5.495
5.475
5.490
5.490
5.490
5.490
5.470
5.475
5.480
5.470
5.465
5.465
5.465
5.465
5.465
5.485
5.480
5.475
5.475
5.455
5.455
5.470
5.470
5.460
5.465
5.455
5.470
5.465
5.475
5.460
5.455
5.455
5.455
5.465
5.470
5.455
5.450
5.440
5.445
5.470
5.480
5.490
5.490
5.480
5.490
5.500
5.515
5.510
5.520
5.520
5.515
5.495
5.480
5.470
5.465
5.455
5.450
5.445
5.445
5.450
5.450
5.430
5.445
5.445
5.440
5.425
5.410
5.395
5.410
5.400
5.385
5.385
5.380
5.370
5.380
5.385
5.370
5.365
5.345
5.325
5.325
5.340
5.340
5.330
5.315
5.315
5.320
5.340
5.340
5.325
5.305
5.305
5.310
5.330
5.310
5.310
5.295
5.280
5.280
5.290
5.295
5.295
5.300
5.290
5.300
5.295
5.240
5.145
5.025
4.905
4.765
4.570
4.295
3.970
3.705
3.580
3.620
3.710
3.765
3.780
3.830
3.880
3.940
3.975
4.000
4.030
4.075
4.110
4.175
4.255
4.290
4.355
4.400
4.475
4.590
4.705
4.795
4.875
4.940
5.035
5.115
5.200
5.270
5.320
5.370
5.395
5.440
5.480
5.500
5.515
5.510
5.505
5.530
5.550
5.555
5.555
5.560
5.560
5.575
5.580
5.565
5.580
5.575
5.575
5.585
5.595
5.605
5.605
5.590
5.595
5.605
5.615
5.615
5.615
5.600
5.595
5.600
5.610
5.615
5.600
5.600
5.600
5.600
5.605
5.620
5.620
5.615
5.600
5.605
5.640
5.635
5.630
5.625
5.615
5.600
5.615
5.620
5.610
5.605
5.605
5.620
5.635
5.640
5.640
5.610
5.615
5.620
5.635
5.640
5.630
5.605
5.580
5.580
5.590
5.585
5.565
5.560
5.555
5.545
5.540
5.540
5.530
5.515
5.510
5.510
5.510
5.500
5.480
5.465
5.440
5.440
5.430
5.415
5.405
5.375
5.375
5.375
5.375
5.380
5.370
5.360
5.355
5.360
5.385
5.370
5.370
5.355
5.345
5.360
5.355
5.355
5.360
5.330
5.325
5.340
5.360
5.365
5.355
5.340
5.345
5.350
5.365
5.370
5.380
5.360
5.355
5.350
5.365
5.385
5.360
5.345
5.350
5.375
5.400
5.410
5.400
5.380
5.375
5.390
5.400
5.415
5.400
5.390
5.380
5.405
5.400
5.395
5.395
5.375
5.365
5.355
5.370
5.385
5.380
5.365
5.355
5.365
5.370
5.375
5.375
5.350
5.350
5.345
5.360
5.350
5.340
5.340
5.325
5.330
5.325
5.335
5.325
5.310
5.300
5.310
5.320
5.335
5.325
5.315
5.295
5.310
5.325
5.315
5.305
5.285
5.275
5.295
5.315
5.305
5.305
5.290
5.285
5.295
5.300
5.295
5.305
5.310
5.290
5.295
5.300
5.310
5.305
5.285
5.285
5.295
5.300
5.295
5.305
5.290
5.285
5.280
5.300
5.290
5.315
5.285
5.285
5.285
5.295
5.300
5.285
5.270
5.265
5.265
5.280
5.275
5.280
5.270
5.250
5.265
5.270
5.275
5.275
5.270
5.275
5.260
5.275
5.270
5.270
5.250
5.260
5.270
5.290
5.290
5.270
5.270
5.285
5.300
5.325
5.340
5.345
5.330
5.345
5.345
5.370
5.375
5.355
5.330
5.310
5.305
5.305
5.310
5.285
5.275
5.295
5.285
5.290
5.290
5.300
5.275
5.265
5.265
5.270
5.260
5.255
5.240
5.225
5.240
5.240
5.230
5.220
5.215
5.215
5.210
5.230
5.220
5.205
5.205
5.200
5.215
5.220
5.235
5.225
5.215
5.205
5.205
5.205
5.205
5.200
5.195
5.200
5.200
5.205
5.210
5.210
5.195
5.200
5.185
5.210
5.205
5.220
5.215
5.190
5.170
5.130
5.035
4.930
4.800
4.655
4.470
4.195
3.910
3.720
3.655
3.685
3.745
3.810
3.830
3.890
3.930
3.955
3.990
4.040
4.065
4.095
4.125
4.180
4.250
4.305
4.340
4.400
4.480
4.575
4.705
4.790
4.880
4.940
5.015
5.075
5.160
5.210
5.270
5.315
5.350
5.360
5.380
5.410
5.415
5.420
5.420
5.425
5.425
5.445
5.455
5.470
5.460
5.460
5.480
5.490
5.490
5.490
5.490
5.485
5.495
5.505
5.515
5.510
5.500
5.495
5.500
5.515
5.535
5.535
5.510
5.505
5.505
5.520
5.520
5.520
5.535
5.535
5.540
5.545
5.540
5.540
5.530
5.520
5.530
5.550
5.545
5.540
5.525
5.520
5.540
5.545
5.530
5.530
5.505
5.515
5.525
5.530
5.520
5.500
5.500
5.490
5.485
5.475
5.470
5.460
5.465
5.445
5.450
5.445
5.430
5.420
5.400
5.390
5.380
5.375
5.370
5.365
5.350
5.330
5.330
5.330
5.320
5.300
5.275
5.265
5.250
5.260
5.240
5.230
5.220
5.200
5.195
5.205
5.190
5.195
5.175
5.180
5.185
5.195
5.175
5.150
5.140
5.145
5.150
5.155
5.155
5.165
5.145
5.145
5.155
5.165
5.155
5.155
5.150
5.155
5.185
5.195
5.205
5.190
5.185
5.175
