-5.695
-5.685
-5.675
-5.665
-5.650
-5.645
-5.635
-5.625
-5.620
-5.615
-5.620
-5.615
-5.615
-5.620
-5.630
-5.630
-5.635
-5.645
-5.645
-5.655
-5.665
-5.660
-5.665
-5.675
-5.680
-5.685
-5.685
-5.675
-5.665
-5.665
-5.660
-5.655
-5.650
-5.650
-5.645
-5.640
-5.630
-5.625
-5.625
-5.615
-5.610
-5.605
-5.600
-5.600
-5.600
-5.600
-5.595
-5.585
-5.575
-5.575
-5.580
-5.575
-5.575
-5.575
-5.570
-5.550
-5.525
-5.520
-5.520
-5.525
-5.525
-5.535
-5.545
-5.555
-5.570
-5.590
-5.600
-5.605
-5.615
-5.630
-5.645
-5.660
-5.665
-5.675
-5.680
-5.685
-5.685
-5.690
-5.700
-5.695
-5.705
-5.700
-5.705
-5.715
-5.735
-5.735
-5.695
-5.655
-5.640
-5.625
-5.565
-5.480
-5.370
-5.300
-5.310
-5.390
-5.490
-5.550
-5.660
-5.800
-5.930
-6.015
-6.055
-6.055
-6.040
-6.030
-5.990
-5.935
-5.880
-5.835
-5.825
-5.810
-5.800
-5.795
-5.790
-5.795
-5.795
-5.790
-5.795
-5.795
-5.795
-5.795
-5.795
-5.800
-5.805
-5.805
-5.810
-5.805
-5.805
-5.800
-5.800
-5.795
-5.790
-5.785
-5.785
-5.775
-5.770
-5.755
-5.750
-5.740
-5.730
-5.715
-5.705
-5.695
-5.685
-5.680
-5.665
-5.660
-5.645
-5.635
-5.630
-5.620
-5.615
-5.605
-5.610
-5.605
-5.605
-5.605
-5.610
-5.610
-5.610
-5.615
-5.625
-5.630
-5.630
-5.640
-5.645
-5.645
-5.650
-5.650
-5.650
-5.655
-5.655
-5.645
-5.650
-5.645
-5.630
-5.630
-5.625
-5.620
-5.620
-5.610
-5.605
-5.600
-5.595
-5.595
-5.595
-5.585
-5.585
-5.585
-5.585
-5.580
-5.565
-5.555
-5.545
-5.540
-5.545
-5.540
-5.540
-5.540
-5.525
-5.505
-5.495
-5.490
-5.495
-5.505
-5.505
-5.510
-5.520
-5.535
-5.550
-5.560
-5.575
-5.590
-5.610
-5.615
-5.630
-5.640
-5.650
-5.660
-5.670
-5.660
-5.665
-5.665
-5.680
-5.685
-5.685
-5.685
-5.685
-5.695
-5.705
-5.715
-5.665
-5.630
-5.615
-5.605
-5.570
-5.490
-5.390
-5.290
-5.285
-5.340
-5.445
-5.530
-5.605
-5.735
-5.875
-5.980
-6.035
-6.050
-6.045
-6.025
-6.005
-5.945
-5.880
-5.840
-5.810
-5.800
-5.795
-5.790
-5.785
-5.785
-5.775
-5.775
-5.775
-5.780
-5.780
-5.775
-5.775
-5.775
-5.780
-5.780
-5.785
-5.790
-5.785
-5.785
-5.785
-5.785
-5.785
-5.775
-5.775
-5.770
-5.755
-5.740
-5.730
-5.720
-5.715
-5.705
-5.690
-5.685
-5.675
-5.665
-5.660
-5.645
-5.640
-5.630
-5.620
-5.615
-5.600
-5.600
-5.600
-5.595
-5.600
-5.595
-5.600
-5.605
-5.610
-5.615
-5.620
-5.625
-5.630
-5.645
-5.645
-5.645
-5.645
-5.650
-5.660
-5.660
-5.660
-5.655
-5.655
-5.655
-5.650
-5.645
-5.645
-5.640
-5.630
-5.625
-5.620
-5.615
-5.610
-5.600
-5.595
-5.590
-5.590
-5.585
-5.585
-5.580
-5.580
-5.575
-5.570
-5.560
-5.555
-5.555
-5.560
-5.560
-5.560
-5.560
-5.550
-5.535
-5.520
-5.515
-5.520
-5.525
-5.535
-5.540
-5.555
-5.560
-5.580
-5.595
-5.605
-5.615
-5.625
-5.630
-5.645
-5.660
-5.675
-5.685
-5.690
-5.695
-5.700
-5.705
-5.705
-5.700
-5.705
-5.710
-5.715
-5.720
-5.730
-5.735
-5.690
-5.645
-5.630
-5.620
-5.565
-5.485
-5.375
-5.290
-5.315
-5.405
-5.515
-5.585
-5.685
-5.835
-5.985
-6.070
-6.110
-6.110
-6.090
-6.070
-6.025
-5.950
-5.885
-5.850
-5.835
-5.825
-5.825
-5.815
-5.805
-5.805
-5.800
-5.800
-5.795
-5.795
-5.795
-5.800
-5.805
-5.800
-5.805
-5.805
-5.810
-5.810
-5.810
-5.805
-5.805
-5.810
-5.800
-5.795
-5.780
-5.775
-5.770
-5.760
-5.745
-5.735
-5.720
-5.710
-5.700
-5.685
-5.675
-5.665
-5.655
-5.645
-5.635
-5.625
-5.620
-5.615
-5.615
-5.610
-5.615
-5.625
-5.630
-5.630
-5.640
-5.640
-5.650
-5.655
-5.660
-5.660
-5.665
-5.680
-5.685
-5.685
-5.685
-5.685
-5.690
-5.695
-5.690
-5.690
-5.695
-5.695
-5.695
-5.685
-5.685
-5.680
-5.675
-5.665
-5.660
-5.650
-5.650
-5.645
-5.640
-5.630
-5.630
-5.625
-5.620
-5.620
-5.615
-5.605
-5.595
-5.585
-5.585
-5.585
-5.585
-5.590
-5.590
-5.580
-5.560
-5.540
-5.540
-5.560
-5.560
-5.570
-5.580
-5.590
-5.600
-5.615
-5.635
-5.640
-5.645
-5.655
-5.665
-5.680
-5.695
-5.710
-5.715
-5.720
-5.720
-5.730
-5.730
-5.730
-5.730
-5.735
-5.735
-5.735
-5.745
-5.755
-5.765
-5.730
-5.680
-5.660
-5.660
-5.620
-5.535
-5.430
-5.335
-5.335
-5.395
-5.505
-5.580
-5.660
-5.805
-5.970
-6.080
-6.135
-6.150
-6.140
-6.130
-6.080
-6.005
-5.930
-5.880
-5.865
-5.855
-5.845
-5.840
-5.835
-5.830
-5.825
-5.825
-5.830
-5.830
-5.825
-5.825
-5.830
-5.830
-5.830
-5.830
-5.825
-5.825
-5.825
-5.825
-5.815
-5.810
-5.810
-5.810
-5.800
-5.790
-5.780
-5.770
-5.755
-5.745
-5.730
-5.725
-5.715
-5.705
-5.695
-5.685
-5.665
-5.660
-5.650
-5.640
-5.630
-5.625
-5.625
-5.625
-5.625
-5.625
-5.625
-5.630
-5.640
-5.645
-5.645
-5.650
-5.660
-5.665
-5.680
-5.685
-5.685
-5.695
-5.700
-5.705
-5.705
-5.705
-5.710
-5.710
-5.705
-5.700
-5.695
-5.695
-5.695
-5.685
-5.680
-5.675
-5.670
-5.660
-5.660
-5.650
-5.650
-5.645
-5.645
-5.630
-5.630
-5.630
-5.625
-5.630
-5.625
-5.605
-5.600
-5.595
-5.600
-5.595
-5.595
-5.595
-5.595
-5.595
-5.570
-5.550
-5.550
-5.560
-5.560
-5.565
-5.575
-5.585
-5.600
-5.620
-5.625
-5.640
-5.645
-5.655
-5.665
-5.685
-5.700
-5.705
-5.715
-5.715
-5.720
-5.720
-5.730
-5.745
-5.770
-5.790
-5.810
-5.820
-5.810
-5.765
-5.650
-5.520
-5.430
-5.365
-5.280
-5.165
-5.040
-4.935
-4.915
-4.985
-5.180
-5.345
-5.480
-5.630
-5.770
-5.895
-5.970
-6.005
-6.005
-6.000
-5.980
-5.950
-5.930
-5.915
-5.895
-5.880
-5.880
-5.880
-5.880
-5.885
-5.890
-5.890
-5.895
-5.900
-5.905
-5.920
-5.925
-5.935
-5.940
-5.950
-5.955
-5.965
-5.970
-5.980
-5.985
-5.990
-5.990
-5.990
-5.990
-5.985
-5.985
-5.970
-5.965
-5.955
-5.945
-5.930
-5.915
-5.900
-5.880
-5.860
-5.835
-5.810
-5.790
-5.770
-5.750
-5.730
-5.710
-5.690
-5.675
-5.660
-5.655
-5.645
-5.640
-5.630
-5.625
-5.620
-5.620
-5.620
-5.620
-5.620
-5.620
-5.625
-5.630
-5.635
-5.645
-5.635
-5.635
-5.635
-5.630
-5.640
-5.640
-5.645
-5.640
-5.645
-5.645
-5.645
-5.640
-5.645
-5.640
-5.640
-5.635
-5.630
-5.625
-5.630
-5.625
-5.625
-5.625
-5.625
-5.625
-5.620
-5.620
-5.610
-5.600
-5.595
-5.595
-5.595
-5.595
-5.595
-5.585
-5.560
-5.540
-5.530
-5.535
-5.540
-5.540
-5.540
-5.550
-5.560
-5.575
-5.595
-5.600
-5.620
-5.625
-5.635
-5.645
-5.660
-5.670
-5.680
-5.685
-5.695
-5.695
-5.695
-5.700
-5.705
-5.705
-5.705
-5.710
-5.715
-5.730
-5.740
-5.710
-5.665
-5.645
-5.635
-5.595
-5.515
-5.415
-5.315
-5.290
-5.325
-5.425
-5.500
-5.565
-5.695
-5.835
-5.950
-6.025
-6.060
-6.060
-6.055
-6.035
-5.990
-5.935
-5.880
-5.835
-5.815
-5.810
-5.805
-5.795
-5.790
-5.790
-5.790
-5.790
-5.785
-5.785
-5.785
-5.785
-5.790
-5.790
-5.795
-5.795
-5.795
-5.795
-5.795
-5.795
-5.795
-5.790
-5.780
-5.775
-5.770
-5.765
-5.755
-5.740
-5.730
-5.720
-5.710
-5.695
-5.685
-5.675
-5.665
-5.655
-5.645
-5.630
-5.630
-5.625
-5.625
-5.610
-5.605
-5.605
-5.610
-5.600
-5.600
-5.610
-5.615
-5.615
-5.615
-5.620
-5.630
-5.645
-5.645
-5.645
-5.655
-5.655
-5.660
-5.660
-5.660
-5.660
-5.665
-5.665
-5.665
-5.665
-5.660
-5.660
-5.660
-5.655
-5.645
-5.645
-5.640
-5.635
-5.630
-5.625
-5.615
-5.610
-5.610
-5.605
-5.600
-5.595
-5.590
-5.590
-5.580
-5.560
-5.560
-5.560
-5.555
-5.560
-5.555
-5.550
-5.540
-5.520
-5.505
-5.505
-5.515
-5.515
-5.520
-5.530
-5.540
-5.540
-5.565
-5.580
-5.595
-5.605
-5.615
-5.630
-5.645
-5.660
-5.670
-5.670
-5.670
-5.675
-5.680
-5.680
-5.680
-5.680
-5.685
-5.685
-5.690
-5.700
-5.720
-5.700
-5.660
-5.630
-5.625
-5.595
-5.520
-5.430
-5.320
-5.285
-5.325
-5.430
-5.515
-5.595
-5.715
-5.855
-5.950
-6.005
-6.020
-6.015
-6.005
-5.985
-5.940
-5.880
-5.840
-5.815
-5.805
-5.800
-5.785
-5.780
-5.790
-5.785
-5.785
-5.785
-5.790
-5.785
-5.795
-5.795
-5.795
-5.790
-5.790
-5.795
-5.795
-5.795
-5.795
-5.795
-5.795
-5.790
-5.775
-5.770
-5.770
-5.765
-5.755
-5.745
-5.740
-5.730
-5.720
-5.715
-5.705
-5.690
-5.685
-5.685
-5.665
-5.660
-5.645
-5.640
-5.640
-5.630
-5.630
-5.630
-5.630
-5.630
-5.630
-5.630
-5.630
-5.640
-5.645
-5.655
-5.655
-5.660
-5.670
-5.680
-5.680
-5.685
-5.685
-5.685
-5.695
-5.690
-5.695
-5.695
-5.695
-5.690
-5.685
-5.680
-5.675
-5.665
-5.665
-5.660
-5.655
-5.645
-5.645
-5.635
-5.630
-5.625
-5.630
-5.630
-5.630
-5.625
-5.625
-5.625
-5.625
-5.615
-5.605
-5.600
-5.600
-5.600
-5.600
-5.600
-5.595
-5.580
-5.560
-5.555
-5.560
-5.560
-5.570
-5.575
-5.585
-5.595
-5.610
-5.630
-5.635
-5.645
-5.650
-5.660
-5.670
-5.690
-5.710
-5.730
-5.745
-5.770
-5.795
-5.815
-5.835
-5.835
-5.805
-5.750
-5.700
-5.640
-5.560
-5.415
-5.215
-5.015
-4.835
-4.665
-4.530
-4.425
-4.375
-4.370
-4.470
-4.665
-4.955
-5.155
-5.325
-5.520
-5.695
-5.825
-5.895
-5.915
-5.930
-5.945
-5.970
-5.985
-6.000
-6.005
-6.025
-6.035
-6.050
-6.060
-6.075
-6.085
-6.095
-6.110
-6.130
-6.145
-6.165
-6.185
-6.215
-6.230
-6.255
-6.285
-6.310
-6.330
-6.355
-6.380
-6.400
-6.415
-6.430
-6.435
-6.435
-6.435
-6.430
-6.410
-6.400
-6.380
-6.355
-6.325
-6.285
-6.245
-6.205
-6.160
-6.115
-6.075
-6.025
-5.985
-5.945
-5.905
-5.870
-5.840
-5.815
-5.795
-5.770
-5.755
-5.740
-5.720
-5.720
-5.710
-5.705
-5.695
-5.690
-5.685
-5.685
-5.680
-5.675
-5.665
-5.665
-5.665
-5.660
-5.660
-5.660
-5.665
-5.660
-5.660
-5.660
-5.660
-5.660
-5.660
-5.660
-5.660
-5.655
-5.655
-5.660
-5.655
-5.655
-5.655
-5.660
-5.650
-5.655
-5.650
-5.645
-5.645
-5.625
-5.620
-5.610
-5.610
-5.605
-5.600
-5.590
-5.570
-5.555
-5.540
-5.550
-5.560
-5.555
-5.560
-5.575
-5.580
-5.595
-5.610
-5.620
-5.625
-5.635
-5.640
-5.650
-5.660
-5.675
-5.680
-5.685
-5.685
-5.685
-5.690
-5.690
-5.690
-5.690
-5.695
-5.700
-5.705
-5.710
-5.725
-5.700
-5.645
-5.615
-5.605
-5.575
-5.495
-5.390
-5.280
-5.260
-5.325
-5.435
-5.525
-5.610
-5.755
-5.925
-6.030
-6.080
-6.090
-6.085
-6.060
-6.010
-5.935
-5.865
-5.825
-5.810
-5.805
-5.795
-5.790
-5.785
-5.785
-5.780
-5.780
-5.775
-5.770
-5.775
-5.770
-5.775
-5.775
-5.780
-5.780
-5.785
-5.775
-5.770
-5.770
-5.765
-5.760
-5.755
-5.750
-5.735
-5.730
-5.720
-5.710
-5.695
-5.685
-5.675
-5.665
-5.650
-5.640
-5.635
-5.620
-5.615
-5.605
-5.595
-5.590
-5.590
-5.585
-5.580
-5.580
-5.585
-5.590
-5.595
-5.600
-5.600
-5.605
-5.615
-5.625
-5.630
-5.640
-5.645
-5.650
-5.655
-5.660
-5.665
-5.660
-5.670
-5.675
-5.675
-5.670
-5.665
-5.670
-5.665
-5.660
-5.660
-5.660
-5.655
-5.650
-5.645
-5.640
-5.630
-5.625
-5.615
-5.615
-5.605
-5.605
-5.595
-5.590
-5.575
-5.565
-5.560
-5.560
-5.560
-5.560
-5.555
-5.555
-5.540
-5.525
-5.515
-5.515
-5.520
-5.520
-5.525
-5.540
-5.550
-5.560
-5.580
-5.595
-5.615
-5.620
-5.630
-5.645
-5.660
-5.675
-5.685
-5.685
-5.690
-5.700
-5.705
-5.700
-5.700
-5.705
-5.710
-5.715
-5.715
-5.720
-5.730
-5.740
-5.705
-5.660
-5.645
-5.640
-5.595
-5.515
-5.400
-5.300
-5.290
-5.345
-5.450
-5.530
-5.615
-5.755
-5.920
-6.030
-6.100
-6.120
-6.120
-6.110
-6.080
-6.015
-5.935
-5.880
-5.845
-5.835
-5.825
-5.820
-5.810
-5.810
-5.810
-5.805
-5.805
-5.805
-5.810
-5.815
-5.815
-5.810
-5.815
-5.810
-5.810
-5.815
-5.810
-5.805
-5.805
-5.800
-5.795
-5.785
-5.775
-5.770
-5.765
-5.755
-5.745
-5.735
-5.730
-5.720
-5.715
-5.700
-5.685
-5.685
-5.675
-5.660
-5.655
-5.645
-5.640
-5.625
-5.620
-5.615
-5.615
-5.615
-5.620
-5.615
-5.620
-5.630
-5.630
-5.640
-5.645
-5.655
-5.665
-5.665
-5.665
-5.675
-5.680
-5.685
-5.685
-5.690
-5.690
-5.685
-5.685
-5.685
-5.680
-5.665
-5.660
-5.665
-5.660
-5.650
-5.645
-5.630
-5.625
-5.620
-5.605
-5.600
-5.600
-5.595
-5.600
-5.595
-5.590
-5.580
-5.575
-5.570
-5.570
-5.560
-5.560
-5.560
-5.560
-5.540
-5.515
-5.505
-5.510
-5.515
-5.515
-5.515
-5.530
-5.540
-5.560
-5.575
-5.585
-5.595
-5.605
-5.615
-5.625
-5.645
-5.655
-5.665
-5.680
-5.680
-5.685
-5.685
-5.690
-5.695
-5.695
-5.700
-5.705
-5.705
-5.715
-5.720
-5.725
-5.665
-5.640
-5.625
-5.610
-5.565
-5.475
-5.370
-5.275
-5.275
-5.325
-5.435
-5.505
-5.610
-5.750
-5.895
-6.000
-6.060
-6.070
-6.060
-6.050
-6.020
-5.960
-5.900
-5.845
-5.815
-5.815
-5.805
-5.800
-5.800
-5.795
-5.795
-5.795
-5.795
-5.795
-5.790
-5.795
-5.795
-5.795
-5.795
-5.790
-5.795
-5.800
-5.800
-5.800
-5.795
-5.795
-5.790
-5.785
-5.775
-5.765
-5.760
-5.750
-5.740
-5.730
-5.720
-5.710
-5.700
-5.690
-5.685
-5.665
-5.660
-5.645
-5.645
-5.635
-5.625
-5.625
-5.620
-5.615
-5.615
-5.615
-5.625
-5.625
-5.630
-5.630
-5.630
-5.645
-5.650
-5.650
-5.655
-5.660
-5.665
-5.675
-5.680
-5.680
-5.685
-5.685
-5.685
-5.685
-5.685
-5.680
-5.680
-5.680
-5.675
-5.660
-5.660
-5.655
-5.650
-5.645
-5.640
-5.630
-5.625
-5.625
-5.620
-5.610
-5.600
-5.595
-5.585
-5.580
-5.570
-5.570
-5.570
-5.565
-5.555
-5.530
-5.520
-5.520
-5.535
-5.530
-5.535
-5.545
-5.560
-5.575
-5.590
-5.600
-5.615
-5.625
-5.635
-5.650
-5.660
-5.680
-5.690
-5.700
-5.705
-5.710
-5.710
-5.715
-5.715
-5.720
-5.720
-5.720
-5.730
-5.735
-5.740
-5.750
-5.715
-5.675
-5.665
-5.665
-5.625
-5.550
-5.450
-5.350
-5.335
-5.375
-5.475
-5.550
-5.645
-5.770
-5.905
-6.005
-6.055
-6.060
-6.055
-6.045
-6.020
-5.970
-5.920
-5.870
-5.845
-5.845
-5.840
-5.830
-5.825
-5.820
-5.815
-5.820
-5.815
-5.820
-5.820
-5.830
-5.825
-5.830
-5.830
-5.830
-5.835
-5.840
-5.840
-5.835
-5.830
-5.825
-5.820
-5.820
-5.810
-5.805
-5.795
-5.790
-5.780
-5.770
-5.755
-5.745
-5.740
-5.730
-5.720
-5.710
-5.700
-5.695
-5.685
-5.675
-5.665
-5.660
-5.660
-5.650
-5.650
-5.645
-5.650
-5.655
-5.655
-5.655
-5.660
-5.670
-5.675
-5.680
-5.685
-5.695
-5.700
-5.710
-5.710
-5.705
-5.710
-5.710
-5.715
-5.720
-5.715
-5.710
-5.715
-5.715
-5.710
-5.705
-5.695
-5.695
-5.685
-5.680
-5.665
-5.665
-5.665
-5.665
-5.655
-5.650
-5.640
-5.625
-5.615
-5.615
-5.600
-5.595
-5.595
-5.595
-5.575
-5.560
-5.540
-5.540
-5.550
-5.555
-5.555
-5.560
-5.565
-5.580
-5.595
-5.605
-5.625
-5.640
-5.655
-5.665
-5.685
-5.695
-5.710
-5.725
-5.730
-5.735
-5.735
-5.735
-5.735
-5.730
-5.735
-5.740
-5.750
-5.755
-5.765
-5.775
-5.730
-5.685
-5.675
-5.665
-5.615
-5.535
-5.440
-5.355
-5.355
-5.420
-5.520
-5.590
-5.685
-5.815
-5.935
-6.005
-6.050
-6.060
-6.050
-6.040
-6.005
-5.955
-5.905
-5.870
-5.845
-5.845
-5.840
-5.835
-5.830
-5.820
-5.815
-5.820
-5.825
-5.825
-5.825
-5.830
-5.830
-5.840
-5.835
-5.830
-5.830
-5.830
-5.830
-5.830
-5.825
-5.825
-5.820
-5.815
-5.810
-5.795
-5.790
-5.785
-5.770
-5.760
-5.745
-5.735
-5.730
-5.720
-5.710
-5.695
-5.685
-5.680
-5.675
-5.665
-5.660
-5.660
-5.660
-5.660
-5.650
-5.650
-5.645
-5.660
-5.660
-5.660
-5.660
-5.670
-5.670
-5.675
-5.680
-5.685
-5.685
-5.690
-5.695
-5.705
-5.705
-5.710
-5.715
-5.720
-5.715
-5.715
-5.705
-5.700
-5.705
-5.690
-5.685
-5.685
-5.685
-5.675
-5.660
-5.660
-5.650
-5.650
-5.645
-5.640
-5.630
-5.625
-5.610
-5.595
-5.585
-5.580
-5.580
-5.585
-5.585
-5.575
-5.560
-5.545
-5.525
-5.525
-5.535
-5.540
-5.540
-5.545
-5.560
-5.570
-5.575
-5.595
-5.610
-5.625
-5.630
-5.645
-5.655
-5.680
-5.695
-5.700
-5.705
-5.715
-5.720
-5.720
-5.720
-5.720
-5.720
-5.720
-5.730
-5.730
-5.730
-5.750
-5.740
-5.695
-5.665
-5.660
-5.630
-5.570
-5.485
-5.370
-5.315
-5.350
-5.440
-5.540
-5.610
-5.715
-5.845
-5.960
-6.025
-6.050
-6.050
-6.035
-6.025
-5.985
-5.930
-5.880
-5.845
-5.835
-5.830
-5.820
-5.815
-5.815
-5.815
-5.815
-5.815
-5.810
-5.810
-5.810
-5.810
-5.810
-5.815
-5.815
-5.815
-5.825
-5.815
-5.810
-5.810
-5.805
-5.800
-5.795
-5.785
-5.785
-5.775
-5.770
-5.755
-5.745
-5.740
-5.730
-5.730
-5.720
-5.710
-5.700
-5.695
-5.685
-5.680
-5.665
-5.660
-5.655
-5.650
-5.645
-5.645
-5.645
-5.645
-5.645
-5.650
-5.655
-5.655
-5.660
-5.660
-5.665
-5.665
-5.680
-5.685
-5.690
-5.690
-5.695
-5.700
-5.705
-5.705
-5.705
-5.705
-5.705
-5.710
-5.705
-5.705
-5.695
-5.690
-5.690
-5.685
-5.680
-5.675
-5.665
-5.660
-5.660
-5.645
-5.640
-5.640
-5.635
-5.630
-5.625
-5.625
-5.630
-5.625
-5.615
-5.600
-5.600
-5.600
-5.600
-5.595
-5.590
-5.585
-5.575
-5.555
-5.550
-5.550
-5.555
-5.555
-5.570
-5.580
-5.585
-5.595
-5.620
-5.630
-5.640
-5.645
-5.660
-5.670
-5.685
-5.705
-5.715
-5.715
-5.715
-5.725
-5.720
-5.730
-5.725
-5.730
-5.730
-5.735
-5.735
-5.740
-5.755
-5.745
-5.690
-5.660
-5.660
-5.630
-5.565
-5.475
-5.370
-5.305
-5.345
-5.445
-5.555
-5.625
-5.725
-5.865
-5.985
-6.055
-6.075
-6.070
-6.060
-6.040
-5.985
-5.925
-5.875
-5.845
-5.835
-5.830
-5.820
-5.815
-5.810
-5.810
-5.810
-5.810
-5.805
-5.810
-5.815
-5.810
-5.810
-5.810
-5.815
-5.810
-5.815
-5.810
-5.810
-5.810
-5.810
-5.805
-5.800
-5.790
-5.780
-5.775
-5.770
-5.755
-5.745
-5.735
-5.730
-5.720
-5.700
-5.690
-5.685
-5.675
-5.665
-5.660
-5.645
-5.645
-5.645
-5.640
-5.635
-5.630
-5.630
-5.640
-5.645
-5.645
-5.645
-5.650
-5.660
-5.660
-5.660
-5.670
-5.675
-5.685
-5.685
-5.685
-5.690
-5.695
-5.700
-5.700
-5.700
-5.705
-5.705
-5.705
-5.700
-5.695
-5.690
-5.685
-5.685
-5.685
-5.675
-5.665
-5.660
-5.660
-5.650
-5.645
-5.640
-5.640
-5.635
-5.630
-5.625
-5.620
-5.620
-5.615
-5.605
-5.600
-5.600
-5.600
-5.605
-5.600
-5.600
-5.595
-5.580
-5.565
-5.560
-5.565
-5.570
-5.580
-5.585
-5.595
-5.605
-5.625
-5.640
-5.645
-5.660
-5.665
-5.680
-5.690
-5.710
-5.720
-5.730
-5.730
-5.735
-5.745
-5.745
-5.745
-5.745
-5.750
-5.750
-5.755
-5.755
-5.765
-5.775
-5.750
-5.695
-5.675
-5.665
-5.640
-5.560
-5.465
-5.355
-5.345
-5.410
-5.515
-5.600
-5.665
-5.800
-5.965
-6.070
-6.120
-6.135
-6.130
-6.110
-6.070
-6.005
-5.935
-5.890
-5.875
-5.865
-5.855
-5.845
-5.840
-5.840
-5.840
-5.835
-5.835
-5.830
-5.830
-5.835
-5.830
-5.830
-5.825
-5.830
-5.825
-5.830
-5.825
-5.825
-5.825
-5.820
-5.815
-5.810
-5.805
-5.795
-5.785
-5.775
-5.765
-5.750
-5.740
-5.730
-5.720
-5.705
-5.700
-5.690
-5.685
-5.665
-5.665
-5.660
-5.660
-5.650
-5.650
-5.645
-5.645
-5.650
-5.655
-5.655
-5.655
-5.660
-5.665
-5.675
-5.685
-5.685
-5.690
-5.695
-5.700
-5.705
-5.705
-5.705
-5.715
-5.715
-5.715
-5.725
-5.720
-5.720
-5.720
-5.715
-5.710
-5.705
-5.705
-5.705
-5.690
-5.685
-5.685
-5.685
-5.675
-5.660
-5.660
-5.650
-5.645
-5.645
-5.635
-5.630
-5.625
-5.615
-5.600
-5.600
-5.595
-5.595
-5.600
-5.600
-5.595
-5.580
-5.560
-5.560
-5.560
-5.565
-5.570
-5.575
-5.590
-5.600
-5.605
-5.625
-5.640
-5.650
-5.655
-5.665
-5.675
-5.695
-5.705
-5.715
-5.715
-5.720
-5.730
-5.730
-5.730
-5.730
-5.735
-5.735
-5.735
-5.740
-5.745
-5.755
-5.755
-5.705
-5.670
-5.660
-5.645
-5.590
-5.500
-5.390
-5.305
-5.325
-5.415
-5.515
-5.590
-5.685
-5.845
-6.000
-6.090
-6.130
-6.130
-6.115
-6.090
-6.025
-5.950
-5.890
-5.855
-5.850
-5.840
-5.830
-5.820
-5.810
-5.810
-5.810
-5.805
-5.805
-5.805
-5.810
-5.805
-5.805
-5.805
-5.810
-5.805
-5.805
-5.800
-5.795
-5.795
-5.790
-5.790
-5.785
-5.775
-5.770
-5.765
-5.755
-5.745
-5.730
-5.720
-5.715
-5.700
-5.690
-5.685
-5.675
-5.660
-5.645
-5.640
-5.625
-5.615
-5.615
-5.605
-5.605
-5.605
-5.605
-5.615
-5.615
-5.620
-5.625
-5.630
-5.640
-5.645
-5.650
-5.655
-5.665
-5.675
-5.680
-5.685
-5.685
-5.685
-5.695
-5.695
-5.695
-5.695
-5.695
-5.695
-5.690
-5.685
-5.685
-5.680
-5.675
-5.670
-5.660
-5.650
-5.645
-5.640
-5.630
-5.625
-5.620
-5.615
-5.615
-5.605
-5.595
-5.580
-5.575
-5.570
-5.565
-5.565
-5.565
-5.560
-5.550
-5.535
-5.520
-5.520
-5.530
-5.535
-5.545
-5.560
-5.565
-5.575
-5.595
-5.610
-5.620
-5.630
-5.640
-5.645
-5.660
-5.675
-5.685
-5.685
-5.700
-5.700
-5.705
-5.705
-5.710
-5.710
-5.715
-5.720
-5.720
-5.730
-5.735
-5.750
-5.740
-5.685
-5.655
-5.645
-5.630
-5.560
-5.475
-5.355
-5.290
-5.325
-5.415
-5.505
-5.580
-5.685
-5.850
-5.995
-6.080
-6.110
-6.110
-6.095
-6.080
-6.020
-5.945
-5.880
-5.855
-5.835
-5.830
-5.820
-5.815
-5.815
-5.810
-5.805
-5.805
-5.805
-5.805
-5.800
-5.805
-5.800
-5.805
-5.805
-5.800
-5.800
-5.800
-5.795
-5.795
-5.790
-5.785
-5.775
-5.770
-5.765
-5.755
-5.740
-5.730
-5.720
-5.715
-5.705
-5.695
-5.685
-5.680
-5.670
-5.660
-5.650
-5.640
-5.630
-5.625
-5.610
-5.605
-5.600
-5.600
-5.600
-5.600
-5.600
-5.600
-5.605
-5.615
-5.620
-5.630
-5.635
-5.645
-5.655
-5.665
-5.665
-5.665
-5.675
-5.680
-5.685
-5.685
-5.685
-5.685
-5.685
-5.685
-5.680
-5.675
-5.660
-5.660
-5.660
-5.650
-5.645
-5.640
-5.630
-5.630
-5.625
-5.615
-5.615
-5.610
-5.600
-5.585
-5.570
-5.570
-5.565
-5.560
-5.560
-5.560
-5.540
-5.525
-5.515
-5.515
-5.520
-5.525
-5.530
-5.540
-5.550
-5.560
-5.575
-5.595
-5.600
-5.615
-5.620
-5.630
-5.645
-5.660
-5.665
-5.680
-5.685
-5.685
-5.690
-5.690
-5.690
-5.700
-5.695
-5.700
-5.700
-5.705
-5.710
-5.730
-5.715
-5.660
-5.635
-5.630
-5.605
-5.530
-5.430
-5.315
-5.270
-5.310
-5.415
-5.500
-5.575
-5.710
-5.880
-6.005
-6.075
-6.105
-6.095
-6.085
-6.055
-5.985
-5.905
-5.855
-5.830
-5.825
-5.810
-5.810
-5.800
-5.795
-5.795
-5.785
-5.780
-5.780
-5.785
-5.790
-5.785
-5.795
-5.790
-5.800
-5.795
-5.790
-5.790
-5.790
-5.795
-5.800
-5.780
-5.770
-5.755
-5.760
-5.750
-5.740
-5.730
-5.720
-5.710
-5.700
-5.690
-5.680
-5.665
-5.660
-5.645
-5.640
-5.630
-5.620
-5.610
-5.600
-5.600
-5.595
-5.600
-5.600
-5.600
-5.605
-5.610
-5.615
-5.625
-5.630
-5.640
-5.645
-5.645
-5.655
-5.660
-5.660
-5.665
-5.675
-5.680
-5.680
-5.680
-5.680
-5.680
-5.675
-5.675
-5.670
-5.670
-5.665
-5.665
-5.660
-5.660
-5.650
-5.645
-5.645
-5.640
-5.630
-5.615
-5.605
-5.595
-5.585
-5.585
-5.580
-5.585
-5.575
-5.560
-5.545
-5.530
-5.520
-5.535
-5.535
-5.540
-5.555
-5.570
-5.580
-5.595
-5.615
-5.620
-5.635
-5.645
-5.655
-5.660
-5.685
-5.690
-5.700
-5.705
-5.710
-5.705
-5.710
-5.715
-5.715
-5.715
-5.725
-5.735
-5.730
-5.730
-5.745
-5.730
-5.680
-5.660
-5.645
-5.630
-5.570
-5.480
-5.365
-5.290
-5.310
-5.390
-5.500
-5.575
-5.695
-5.865
-6.015
-6.110
-6.145
-6.140
-6.130
-6.095
-6.030
-5.965
-5.895
-5.855
-5.845
-5.840
-5.835
-5.830
-5.815
-5.810
-5.810
-5.810
-5.805
-5.810
-5.810
-5.810
-5.810
-5.810
-5.805
-5.810
-5.815
-5.810
-5.810
-5.805
-5.805
-5.800
-5.795
-5.785
-5.780
-5.770
-5.765
-5.755
-5.745
-5.740
-5.730
-5.720
-5.710
-5.700
-5.685
-5.680
-5.665
-5.660
-5.645
-5.645
-5.635
-5.635
-5.630
-5.625
-5.625
-5.625
-5.625
-5.630
-5.640
-5.640
-5.650
-5.660
-5.665
-5.680
-5.685
-5.685
-5.695
-5.695
-5.700
-5.705
-5.705
-5.710
-5.710
-5.710
-5.705
-5.700
-5.700
-5.690
-5.695
-5.685
-5.680
-5.665
-5.660
-5.655
-5.650
-5.640
-5.630
-5.615
-5.610
-5.605
-5.600
-5.610
-5.615
-5.600
-5.580
-5.560
-5.550
-5.550
-5.560
-5.560
-5.570
-5.580
-5.595
-5.605
-5.625
-5.640
