  4.995
  4.995
  4.995
  4.995
  4.995
  4.995
  4.995
  4.995
  4.985
  4.995
  4.995
  5.000
  5.025
  5.035
  5.015
  4.950
  4.895
  4.865
  4.840
  4.825
  4.780
  4.725
  4.710
  4.715
  4.740
  4.750
  4.730
  4.710
  4.695
  4.700
  4.715
  4.750
  4.745
  4.730
  4.710
  4.715
  4.725
  4.745
  4.730
  4.725
  4.725
  4.725
  4.735
  4.740
  4.735
  4.720
  4.715
  4.715
  4.715
  4.705
  4.685
  4.695
  4.695
  4.730
  4.745
  4.755
  4.750
  4.755
  4.740
  4.715
  4.715
  4.730
  4.755
  4.790
  4.800
  4.825
  4.850
  4.840
  4.780
  4.680
  4.610
  4.600
  4.610
  4.610
  4.585
  4.580
  4.535
  4.495
  4.480
  4.470
  4.435
  4.390
  4.340
  4.285
  4.235
  4.205
  4.180
  4.145
  4.140
  4.180
  4.205
  4.225
  4.230
  4.290
  4.360
  4.420
  4.495
  4.540
  4.575
  4.615
  4.635
  4.675
  4.725
  4.750
  4.750
  4.760
  4.760
  4.765
  4.795
  4.805
  4.800
  4.775
  4.775
  4.790
  4.820
  4.835
  4.820
  4.830
  4.825
  4.820
  4.830
  4.840
  4.835
  4.800
  4.800
  4.810
  4.825
  4.835
  4.845
  4.835
  4.830
  4.825
  4.835
  4.835
  4.830
  4.835
  4.845
  4.840
  4.850
  4.860
  4.850
  4.850
  4.845
  4.860
  4.880
  4.895
  4.880
  4.855
  4.840
  4.845
  4.880
  4.900
  4.900
  4.895
  4.880
  4.900
  4.920
  4.930
  4.935
  4.900
  4.875
  4.895
  4.925
  4.935
  4.955
  4.940
  4.930
  4.935
  4.940
  4.955
  4.950
  4.965
  4.960
  4.945
  4.945
  4.975
  4.950
  4.960
  4.955
  4.955
  4.960
  4.965
  4.955
  4.950
  4.930
  4.925
  4.925
  4.940
  4.940
  4.920
  4.920
  4.915
  4.920
  4.930
  4.930
  4.920
  4.890
  4.895
  4.910
  4.905
  4.915
  4.905
  4.890
  4.860
  4.865
  4.870
  4.880
  4.875
  4.870
  4.855
  4.850
  4.865
  4.855
  4.855
  4.850
  4.840
  4.860
  4.865
  4.860
  4.850
  4.845
  4.850
  4.865
  4.865
  4.860
  4.850
  4.845
  4.850
  4.855
  4.865
  4.855
  4.840
  4.835
  4.835
  4.840
  4.860
  4.855
  4.850
  4.840
  4.835
  4.835
  4.860
  4.865
  4.850
  4.845
  4.835
  4.850
  4.845
  4.830
  4.815
  4.800
  4.815
  4.830
  4.845
  4.835
  4.810
  4.795
  4.805
  4.805
  4.820
  4.810
  4.785
  4.780
  4.755
  4.765
  4.785
  4.780
  4.780
  4.745
  4.755
  4.770
  4.780
  4.760
  4.760
  4.745
  4.750
  4.765
  4.770
  4.770
  4.760
  4.750
  4.745
  4.745
  4.770
  4.760
  4.760
  4.740
  4.745
  4.765
  4.775
  4.780
  4.775
  4.765
  4.760
  4.775
  4.785
  4.775
  4.780
  4.780
  4.780
  4.790
  4.790
  4.795
  4.790
  4.785
  4.790
  4.810
  4.825
  4.820
  4.800
  4.790
  4.775
  4.795
  4.805
  4.810
  4.805
  4.775
  4.790
  4.810
  4.830
  4.805
  4.785
  4.785
  4.775
  4.795
  4.815
  4.820
  4.815
  4.815
  4.805
  4.820
  4.830
  4.820
  4.800
  4.795
  4.800
  4.815
  4.815
  4.810
  4.810
  4.810
  4.815
  4.820
  4.840
  4.855
  4.845
  4.840
  4.855
  4.870
  4.885
  4.895
  4.895
  4.890
  4.920
  4.940
  4.965
  4.975
  4.970
  4.970
  5.000
  5.015
  5.025
  5.035
  5.030
  5.025
  5.025
  5.045
  5.065
  5.070
  5.055
  5.010
  4.985
  4.955
  4.935
  4.900
  4.845
  4.800
  4.770
  4.750
  4.770
  4.770
  4.765
  4.760
  4.755
  4.760
  4.775
  4.780
  4.765
  4.750
  4.740
  4.730
  4.760
  4.780
  4.800
  4.780
  4.760
  4.765
  4.775
  4.780
  4.765
  4.770
  4.770
  4.775
  4.770
  4.765
  4.750
  4.750
  4.760
  4.775
  4.790
  4.790
  4.770
  4.760
  4.750
  4.745
  4.735
  4.730
  4.745
  4.775
  4.805
  4.845
  4.870
  4.855
  4.780
  4.695
  4.625
  4.610
  4.625
  4.635
  4.625
  4.590
  4.545
  4.520
  4.490
  4.465
  4.440
  4.395
  4.340
  4.275
  4.220
  4.205
  4.185
  4.185
  4.205
  4.240
  4.265
  4.300
  4.365
  4.435
  4.510
  4.570
  4.610
  4.640
  4.680
  4.730
  4.765
  4.805
  4.820
  4.820
  4.820
  4.820
  4.830
  4.845
  4.855
  4.845
  4.830
  4.820
  4.845
  4.865
  4.875
  4.860
  4.840
  4.845
  4.860
  4.875
  4.880
  4.870
  4.875
  4.860
  4.855
  4.850
  4.880
  4.890
  4.900
  4.895
  4.900
  4.895
  4.895
  4.895
  4.880
  4.880
  4.880
  4.890
  4.920
  4.925
  4.920
  4.905
  4.890
  4.905
  4.940
  4.940
  4.935
  4.925
  4.920
  4.925
  4.945
  4.965
  4.965
  4.945
  4.950
  4.975
  4.980
  4.970
  4.960
  4.965
  4.980
  4.985
  5.005
  5.000
  5.010
  5.005
  5.010
  5.010
  5.025
  5.010
  5.005
  4.990
  5.000
  5.015
  5.020
  5.010
  5.005
  5.000
  5.015
  5.035
  5.030
  5.020
  5.005
  4.990
  4.995
  5.020
  5.020
  5.005
  4.990
  4.975
  4.965
  4.960
  4.980
  4.980
  4.975
  4.955
  4.930
  4.925
  4.950
  4.955
  4.940
  4.930
  4.915
  4.920
  4.950
  4.930
  4.915
  4.910
  4.905
  4.905
  4.915
  4.915
  4.905
  4.895
  4.910
  4.920
  4.925
  4.910
  4.895
  4.880
  4.880
  4.880
  4.875
  4.875
  4.890
  4.895
  4.900
  4.895
  4.885
  4.885
  4.860
  4.855
  4.870
  4.885
  4.895
  4.885
  4.870
  4.835
  4.840
  4.860
  4.870
  4.860
  4.850
  4.845
  4.835
  4.855
  4.860
  4.850
  4.820
  4.815
  4.820
  4.810
  4.830
  4.850
  4.820
  4.800
  4.810
  4.815
  4.835
  4.835
  4.825
  4.805
  4.800
  4.800
  4.805
  4.800
  4.805
  4.780
  4.785
  4.805
  4.810
  4.800
  4.785
  4.780
  4.775
  4.790
  4.805
  4.800
  4.795
  4.780
  4.775
  4.780
  4.790
  4.790
  4.810
  4.805
  4.815
  4.810
  4.810
  4.815
  4.805
  4.800
  4.815
  4.820
  4.820
  4.815
  4.815
  4.800
  4.800
  4.810
  4.810
  4.815
  4.825
  4.825
  4.820
  4.825
  4.820
  4.825
  4.815
  4.815
  4.835
  4.845
  4.830
  4.835
  4.835
  4.805
  4.820
  4.830
  4.835
  4.825
  4.820
  4.830
  4.835
  4.855
  4.850
  4.840
  4.830
  4.825
  4.820
  4.835
  4.845
  4.850
  4.850
  4.835
  4.830
  4.840
  4.845
  4.845
  4.845
  4.845
  4.860
  4.895
  4.915
  4.920
  4.915
  4.905
  4.915
  4.920
  4.945
  4.970
  5.000
  5.005
  5.030
  5.035
  5.055
  5.055
  5.035
  5.040
  5.080
  5.125
  5.130
  5.125
  5.110
  5.080
  5.040
  5.000
  4.985
  4.945
  4.905
  4.855
  4.815
  4.805
  4.805
  4.805
  4.815
  4.800
  4.805
  4.815
  4.830
  4.815
  4.805
  4.795
  4.805
  4.805
  4.815
  4.810
  4.810
  4.805
  4.800
  4.805
  4.815
  4.835
  4.835
  4.810
  4.800
  4.800
  4.810
  4.775
  4.780
  4.770
  4.775
  4.775
  4.800
  4.805
  4.805
  4.775
  4.780
  4.800
  4.805
  4.795
  4.770
  4.780
  4.800
  4.835
  4.850
  4.855
  4.840
  4.770
  4.695
  4.655
  4.650
  4.630
  4.610
  4.590
  4.555
  4.515
  4.495
  4.465
  4.440
  4.415
  4.360
  4.300
  4.260
  4.220
  4.205
  4.195
  4.225
  4.280
  4.305
  4.330
  4.375
  4.450
  4.540
  4.605
  4.645
  4.660
  4.695
  4.725
  4.775
  4.805
  4.825
  4.830
  4.840
  4.840
  4.835
  4.850
  4.860
  4.865
  4.855
  4.855
  4.855
  4.855
  4.855
  4.860
  4.850
  4.835
  4.860
  4.905
  4.930
  4.910
  4.890
  4.865
  4.865
  4.890
  4.885
  4.885
  4.875
  4.890
  4.905
  4.900
  4.900
  4.900
  4.895
  4.890
  4.895
  4.915
  4.930
  4.920
  4.905
  4.890
  4.900
  4.935
  4.950
  4.960
  4.940
  4.920
  4.915
  4.945
  4.985
  5.010
  4.975
  4.945
  4.940
  4.965
  4.985
  4.995
  4.975
  4.970
  4.980
  4.975
  5.000
  5.025
  5.020
  5.000
  5.015
  5.010
  5.010
  5.005
  5.005
  4.995
  5.015
  5.025
  5.030
  5.035
  5.020
  4.990
  4.970
  4.980
  5.010
  5.050
  5.055
  5.015
  4.985
  4.980
  5.010
  5.030
  5.015
  4.995
  4.990
  4.975
  4.990
  4.970
  4.940
  4.935
  4.930
  4.935
  4.950
  4.945
  4.920
  4.910
  4.905
  4.910
  4.910
  4.895
  4.885
  4.875
  4.870
  4.890
  4.900
  4.895
  4.885
  4.855
  4.865
  4.870
  4.880
  4.880
  4.865
  4.850
  4.845
  4.855
  4.870
  4.855
  4.850
  4.820
  4.845
  4.855
  4.855
  4.860
  4.850
  4.825
  4.825
  4.835
  4.845
  4.845
  4.825
  4.810
  4.795
  4.810
  4.830
  4.830
  4.825
  4.815
  4.805
  4.810
  4.815
  4.830
  4.810
  4.785
  4.775
  4.775
  4.785
  4.790
  4.790
  4.780
  4.770
  4.775
  4.790
  4.790
  4.775
  4.745
  4.760
  4.770
  4.780
  4.775
  4.750
  4.750
  4.760
  4.755
  4.775
  4.765
  4.750
  4.750
  4.745
  4.765
  4.775
  4.780
  4.770
  4.755
  4.750
  4.755
  4.765
  4.755
  4.745
  4.750
  4.755
  4.780
  4.805
  4.785
  4.770
  4.755
  4.770
  4.770
  4.785
  4.780
  4.765
  4.770
  4.785
  4.780
  4.790
  4.770
  4.765
  4.770
  4.795
  4.805
  4.795
  4.780
  4.755
  4.760
  4.780
  4.795
  4.800
  4.790
  4.780
  4.765
  4.790
  4.800
  4.795
  4.785
  4.795
  4.790
  4.795
  4.800
  4.790
  4.780
  4.775
  4.795
  4.810
  4.810
  4.810
  4.810
  4.795
  4.800
  4.815
  4.820
  4.815
  4.785
  4.785
  4.785
  4.815
  4.830
  4.820
  4.805
  4.785
  4.800
  4.815
  4.830
  4.825
  4.820
  4.800
  4.815
  4.835
  4.840
  4.845
  4.855
  4.870
  4.890
  4.900
  4.910
  4.925
  4.930
  4.940
  4.955
  4.985
  5.010
  5.030
  5.025
  5.020
  5.010
  5.005
  5.030
  5.045
  5.045
  5.050
  5.065
  5.080
  5.055
  5.005
  4.955
  4.895
  4.875
  4.835
  4.815
  4.770
  4.755
  4.750
  4.765
  4.770
  4.775
  4.775
  4.760
  4.760
  4.770
  4.780
  4.785
  4.765
  4.755
  4.740
  4.750
  4.765
  4.790
  4.780
  4.770
  4.765
  4.765
  4.770
  4.780
  4.775
  4.765
  4.760
  4.770
  4.770
  4.790
  4.785
  4.765
  4.755
  4.765
  4.765
  4.770
  4.775
  4.780
  4.780
  4.770
  4.760
  4.750
  4.740
  4.775
  4.795
  4.840
  4.880
  4.900
  4.875
  4.800
  4.680
  4.605
  4.605
  4.610
  4.620
  4.615
  4.565
  4.520
  4.485
  4.470
  4.445
  4.415
  4.375
  4.335
  4.275
  4.250
  4.220
  4.185
  4.175
  4.210
  4.250
  4.275
  4.300
  4.355
  4.430
  4.510
  4.570
  4.605
  4.645
  4.680
  4.735
  4.750
  4.790
  4.815
  4.840
  4.840
  4.825
  4.815
  4.830
  4.840
  4.830
  4.830
  4.830
  4.835
  4.845
  4.850
  4.835
  4.840
  4.820
  4.820
  4.850
  4.865
  4.860
  4.860
  4.840
  4.850
  4.850
  4.865
  4.850
  4.860
  4.840
  4.845
  4.850
  4.870
  4.880
  4.885
  4.855
  4.855
  4.875
  4.875
  4.880
  4.880
  4.875
  4.885
  4.915
  4.935
  4.920
  4.915
  4.900
  4.905
  4.915
  4.920
  4.920
  4.925
  4.925
  4.935
  4.940
  4.940
  4.950
  4.950
  4.930
  4.925
  4.960
  4.970
  4.985
  4.960
  4.950
  4.960
  4.970
  4.990
  4.990
  4.970
  4.965
  4.960
  4.970
  4.960
  4.960
  4.970
  4.975
  4.970
  4.970
  4.980
  4.965
  4.970
  4.945
  4.940
  4.950
  4.945
  4.940
  4.920
  4.905
  4.905
  4.910
  4.920
  4.910
  4.905
  4.885
  4.875
  4.880
  4.870
  4.865
  4.870
  4.855
  4.860
  4.870
  4.865
  4.880
  4.880
  4.865
  4.855
  4.850
  4.865
  4.865
  4.870
  4.870
  4.865
  4.860
  4.875
  4.870
  4.870
  4.845
  4.855
  4.855
  4.870
  4.865
  4.850
  4.845
  4.850
  4.840
  4.855
  4.855
  4.840
  4.835
  4.830
  4.850
  4.860
  4.845
  4.820
  4.825
  4.845
  4.845
  4.845
  4.845
  4.830
  4.805
  4.815
  4.805
  4.830
  4.835
  4.815
  4.810
  4.800
  4.815
  4.805
  4.810
  4.775
  4.765
  4.770
  4.785
  4.805
  4.805
  4.770
  4.770
  4.785
  4.785
  4.795
  4.795
  4.780
  4.770
  4.765
  4.770
  4.785
  4.785
  4.780
  4.745
  4.750
  4.775
  4.810
  4.815
  4.800
  4.785
  4.790
  4.805
  4.820
  4.830
  4.815
  4.800
  4.810
  4.800
  4.810
  4.805
  4.790
  4.800
  4.800
  4.810
  4.830
  4.815
  4.820
  4.805
  4.805
  4.800
  4.810
  4.815
  4.815
  4.810
  4.825
  4.840
  4.840
  4.830
  4.805
  4.780
  4.780
  4.805
  4.850
  4.860
  4.850
  4.830
  4.835
  4.830
  4.840
  4.840
  4.820
  4.820
  4.810
  4.830
  4.840
  4.835
  4.830
  4.815
  4.810
  4.840
  4.860
  4.865
  4.880
  4.875
  4.885
  4.900
  4.905
  4.910
  4.920
  4.935
  4.950
  4.980
  4.995
  5.005
  5.015
  5.020
  5.040
  5.055
  5.065
  5.060
  5.060
  5.060
  5.055
  5.060
  5.065
  5.050
  5.030
  4.975
  4.930
  4.895
  4.850
  4.810
  4.775
  4.760
  4.760
  4.775
  4.800
  4.805
  4.795
  4.780
  4.775
  4.775
  4.780
  4.775
  4.750
  4.755
  4.775
  4.785
  4.805
  4.795
  4.775
  4.750
  4.760
  4.785
  4.780
  4.780
  4.785
  4.760
  4.760
  4.770
  4.790
  4.785
  4.795
  4.785
  4.780
  4.775
  4.795
  4.795
  4.780
  4.745
  4.730
  4.750
  4.790
  4.810
  4.820
  4.830
  4.825
  4.775
  4.675
  4.625
  4.595
  4.590
  4.605
  4.595
  4.580
  4.525
  4.480
  4.430
  4.410
  4.390
  4.360
  4.295
  4.245
  4.205
  4.200
  4.205
  4.240
  4.255
  4.270
  4.285
  4.350
  4.455
  4.535
  4.590
  4.635
  4.665
  4.715
  4.765
  4.795
  4.820
  4.825
  4.820
  4.820
  4.830
  4.845
  4.840
  4.835
  4.835
  4.855
  4.875
  4.875
  4.870
  4.840
  4.820
  4.845
  4.890
  4.905
  4.910
  4.900
  4.880
  4.870
  4.865
  4.875
  4.880
  4.870
  4.875
  4.875
  4.885
  4.890
  4.900
  4.895
  4.890
  4.915
  4.920
  4.930
  4.935
  4.940
  4.925
  4.910
  4.905
  4.930
  4.940
  4.945
  4.935
  4.925
  4.940
  4.960
  4.975
  4.960
  4.955
  4.975
  4.975
  4.990
  4.960
  4.950
  4.935
  4.960
  5.005
  5.020
  5.015
  4.995
  4.985
  5.015
  5.050
  5.075
  5.075
  5.020
  5.005
  5.015
  5.025
  5.050
  5.045
  5.030
  5.005
  4.990
  4.995
  5.025
  5.015
  4.975
  4.995
  5.020
  5.020
  5.000
  4.965
  4.955
  4.945
  4.935
  4.950
  4.950
  4.925
  4.885
  4.880
  4.920
  4.955
  4.970
  4.940
  4.915
  4.900
  4.935
  4.950
  4.960
  4.960
  4.930
  4.895
  4.900
  4.920
  4.925
  4.905
  4.930
  4.920
  4.910
  4.905
  4.910
  4.905
  4.900
  4.915
  4.925
  4.945
  4.970
  4.950
  4.920
  4.890
  4.885
  4.895
  4.910
  4.910
  4.905
  4.890
  4.895
  4.900
  4.895
  4.885
  4.880
  4.875
  4.880
  4.875
  4.870
  4.860
  4.845
  4.830
  4.850
  4.890
  4.870
  4.840
  4.815
  4.825
  4.810
  4.790
  4.770
  4.780
  4.775
  4.745
  4.710
  4.775
  4.860
  4.870
  4.820
  4.820
  4.845
  4.875
  4.890
  4.875
  4.840
  4.835
  4.885
  4.925
  4.920
  4.895
  4.880
  4.880
  4.890
  4.895
  4.890
  4.885
  4.875
  4.855
  4.870
  4.900
  4.895
  4.900
  4.880
  4.865
  4.860
  4.885
  4.895
  4.890
  4.875
  4.875
  4.875
  4.890
  4.890
  4.895
  4.875
  4.865
  4.870
  4.885
  4.910
  4.900
  4.865
  4.855
  4.855
  4.860
  4.890
  4.895
  4.895
  4.850
  4.865
  4.855
  4.860
  4.850
  4.870
  4.885
  4.895
  4.870
  4.835
  4.820
  4.850
  4.915
  5.000
  5.015
  4.975
  4.975
  4.980
  4.975
  4.970
  4.960
  4.975
  5.010
  5.030
  5.025
  5.040
  5.055
  5.075
  5.085
  5.075
  5.085
  5.105
  5.115
  5.120
  5.105
  5.120
  5.125
  5.130
  5.130
  5.125
  5.090
  5.040
  4.990
  4.955
  4.915
  4.870
  4.840
  4.835
  4.845
  4.880
  4.900
  4.875
  4.840
  4.805
  4.790
  4.820
  4.855
  4.870
  4.855
  4.810
  4.755
  4.730
  4.730
  4.760
  4.820
  4.865
  4.850
  4.825
  4.835
  4.815
  4.795
  4.840
  4.890
  4.915
  4.890
  4.865
  4.865
  4.850
  4.820
  4.810
  4.840
  4.855
  4.860
  4.820
  4.735
  4.690
  4.720
  4.760
  4.740
  4.720
  4.695
  4.655
  4.610
  4.560
  4.530
  4.545
  4.530
  4.510
  4.490
  4.445
  4.415
  4.390
  4.385
  4.370
  4.340
  4.280
  4.215
  4.175
  4.165
  4.220
  4.295
  4.360
  4.390
  4.420
  4.485
  4.555
  4.620
  4.670
  4.715
  4.805
  4.885
  4.905
  4.910
  4.925
  4.925
  4.925
  4.895
  4.905
  4.915
  4.945
  4.930
  4.905
  4.885
  4.890
  4.915
  4.930
  4.940
  4.955
  4.970
  4.970
  4.945
  4.905
  4.860
  4.885
  4.935
  5.005
  5.045
  5.055
  5.020
  4.995
  4.980
  4.955
  4.980
  4.975
  4.985
  4.990
  4.990
  4.995
  5.000
  5.010
  5.010
  5.010
  4.990
  5.000
  5.025
  5.050
  5.060
  5.060
  5.060
  5.045
  5.040
  5.045
  5.050
  5.055
  5.055
  5.055
  5.050
  5.050
  5.045
  5.085
  5.105
  5.090
  5.065
  5.075
  5.095
  5.105
  5.100
  5.115
  5.125
  5.110
  5.110
  5.110
  5.110
  5.105
  5.110
  5.110
  5.080
  5.055
  5.040
  5.030
  5.030
  5.065
  5.085
  5.080
  5.045
  5.020
  5.030
  5.045
  5.050
  5.035
  5.005
  4.990
  4.995
  4.995
  4.985
  4.960
  4.950
  4.960
  4.960
  4.955
  4.965
  4.950
  4.940
  4.940
  4.945
  4.940
  4.935
  4.925
  4.915
  4.910
  4.905
  4.915
  4.920
  4.910
  4.910
  4.905
  4.895
  4.895
  4.865
  4.870
  4.865
  4.875
  4.870
  4.870
  4.880
  4.905
  4.910
  4.900
  4.890
  4.895
  4.895
  4.875
  4.850
  4.860
  4.865
  4.875
  4.875
  4.855
  4.835
  4.835
  4.830
  4.835
  4.820
  4.810
  4.805
  4.805
  4.815
  4.815
  4.805
  4.780
  4.770
  4.770
  4.790
  4.795
  4.795
  4.785
  4.750
  4.750
  4.750
  4.775
  4.775
  4.770
  4.755
  4.745
  4.755
  4.765
  4.760
  4.760
  4.765
  4.775
  4.755
  4.715
  4.710
  4.755
  4.790
  4.800
  4.790
  4.760
  4.750
  4.750
  4.750
  4.750
  4.750
  4.755
  4.745
  4.750
  4.740
  4.760
  4.775
  4.780
  4.790
  4.785
  4.760
  4.750
  4.770
  4.780
  4.770
  4.750
  4.730
  4.735
  4.760
  4.770
  4.770
  4.770
  4.760
  4.765
  4.780
  4.765
  4.760
  4.745
  4.760
  4.765
  4.755
  4.745
  4.740
  4.750
  4.765
  4.770
  4.770
  4.760
  4.755
  4.745
  4.745
  4.765
  4.770
  4.775
  4.775
  4.755
  4.750
  4.780
  4.815
  4.820
  4.800
  4.780
  4.790
  4.830
  4.860
  4.860
  4.845
  4.835
  4.830
  4.825
  4.850
  4.880
  4.945
  4.970
  4.965
  4.965
  4.980
  5.000
  4.995
  4.985
  4.995
  4.995
  5.005
  5.020
  5.015
  4.985
  4.945
  4.920
  4.910
  4.885
  4.840
  4.780
  4.730
  4.710
  4.715
  4.735
  4.740
  4.735
  4.725
  4.740
  4.750
  4.755
  4.735
  4.725
  4.720
  4.750
  4.750
  4.750
  4.750
  4.745
  4.735
  4.720
  4.730
  4.760
  4.755
  4.740
  4.725
  4.715
  4.730
  4.755
  4.765
  4.760
  4.740
  4.730
  4.755
  4.775
  4.765
  4.730
  4.675
  4.675
  4.705
  4.735
  4.730
  4.725
  4.695
  4.655
  4.575
  4.510
  4.480
  4.480
  4.470
  4.465
  4.440
  4.400
  4.360
  4.300
  4.260
  4.280
  4.270
  4.220
  4.175
  4.135
  4.120
  4.160
  4.225
  4.265
  4.280
  4.315
  4.375
  4.455
  4.500
  4.555
  4.600
  4.675
  4.720
  4.765
  4.775
  4.785
  4.790
  4.785
  4.780
  4.805
  4.825
  4.835
  4.835
  4.810
  4.795
  4.805
  4.835
  4.845
  4.840
  4.820
  4.805
  4.820
  4.815
  4.835
  4.855
  4.845
  4.840
  4.840
  4.845
  4.840
  4.830
  4.820
  4.810
  4.835
  4.870
  4.900
  4.895
  4.875
  4.855
  4.870
  4.880
  4.895
  4.895
  4.905
  4.895
  4.900
  4.905
  4.920
  4.920
  4.920
  4.915
  4.915
  4.915
  4.930
  4.925
  4.930
  4.915
  4.930
  4.960
  4.985
  4.995
  4.975
  4.965
  4.980
  4.980
  4.990
  4.985
  4.970
  4.965
  4.970
  4.995
  5.020
  5.010
  5.010
  4.980
  4.990
  4.990
  5.010
  4.990
  5.000
  4.970
  4.975
  4.985
  4.985
  4.965
  4.945
  4.955
  4.980
  4.985
  4.970
  4.945
  4.920
  4.915
  4.920
  4.930
  4.930
  4.905
  4.905
  4.875
  4.885
  4.875
  4.875
  4.870
  4.865
  4.855
  4.870
  4.890
  4.890
  4.870
  4.860
  4.840
  4.860
  4.855
  4.855
  4.825
  4.805
  4.820
  4.865
  4.895
  4.890
  4.860
  4.835
  4.810
  4.815
  4.840
  4.860
  4.875
  4.870
  4.840
  4.840
  4.835
  4.845
  4.840
  4.840
  4.825
  4.815
  4.835
  4.845
  4.845
  4.825
  4.805
  4.810
  4.830
  4.845
  4.825
  4.810
  4.795
  4.815
  4.820
  4.840
  4.810
  4.800
  4.790
  4.815
  4.810
  4.815
  4.805
  4.775
  4.775
  4.780
  4.790
  4.800
  4.790
  4.775
  4.770
  4.770
  4.775
  4.775
  4.775
  4.750
  4.735
  4.745
  4.770
  4.785
  4.795
  4.775
  4.755
  4.740
  4.735
  4.745
  4.750
  4.755
  4.765
  4.770
  4.775
  4.790
  4.775
  4.760
  4.755
  4.770
  4.770
  4.770
  4.755
  4.745
  4.735
  4.745
  4.770
  4.795
  4.800
  4.795
  4.780
  4.780
  4.785
  4.790
  4.790
  4.805
  4.790
  4.790
  4.795
  4.800
  4.800
  4.790
  4.785
  4.800
  4.795
  4.820
  4.810
  4.805
  4.795
  4.800
  4.810
  4.815
  4.820
  4.810
  4.805
  4.815
  4.820
  4.830
  4.840
  4.820
  4.805
  4.805
  4.815
  4.830
  4.815
  4.815
  4.805
  4.805
  4.810
  4.830
  4.825
  4.810
  4.805
  4.815
  4.825
  4.820
  4.815
  4.830
  4.805
  4.800
  4.820
  4.875
  4.900
  4.910
  4.900
  4.900
  4.910
  4.930
  4.920
  4.950
  4.955
  4.990
  5.000
  5.010
  5.035
  5.025
  5.025
  5.020
  5.025
  5.035
  5.045
  5.050
  5.060
  5.060
  5.075
  5.050
  5.015
  4.960
  4.920
  4.905
  4.870
  4.840
  4.800
  4.785
  4.770
  4.775
  4.790
  4.780
  4.780
  4.760
  4.760
  4.740
  4.760
  4.800
  4.820
  4.805
  4.790
  4.775
  4.770
  4.790
  4.780
  4.760
  4.770
  4.770
  4.775
  4.775
  4.770
  4.760
  4.755
  4.765
  4.780
  4.785
  4.780
  4.780
  4.785
  4.770
  4.770
  4.765
  4.770
  4.770
  4.745
  4.730
  4.745
  4.740
  4.720
  4.700
  4.695
  4.705
  4.705
  4.730
  4.735
  4.685
  4.590
  4.535
  4.510
  4.535
  4.545
  4.515
  4.485
  4.455
  4.420
  4.395
  4.360
  4.330
  4.325
  4.320
  4.270
  4.210
  4.165
  4.155
  4.145
  4.170
  4.210
  4.250
  4.280
  4.310
  4.345
  4.425
  4.505
  4.565
  4.610
  4.635
  4.680
  4.760
  4.785
  4.805
  4.825
  4.835
  4.835
  4.835
  4.845
  4.855
  4.875
  4.865
  4.860
  4.860
  4.880
  4.895
  4.875
  4.870
  4.850
  4.850
  4.870
  4.880
  4.900
  4.875
  4.870
  4.880
  4.890
  4.900
  4.900
  4.900
  4.885
  4.905
  4.905
  4.905
  4.920
  4.905
  4.900
  4.905
  4.895
  4.905
  4.905
  4.900
  4.890
  4.910
  4.925
  4.920
  4.920
  4.935
  4.940
  4.950
  4.940
  4.930
  4.935
  4.945
  4.925
  4.950
  4.955
  4.980
  4.990
  4.990
  4.990
  4.985
  4.990
  4.985
  4.995
  5.000
  5.005
  5.005
  4.990
  5.005
  5.005
  5.010
  5.005
  5.035
  5.050
  5.040
  5.040
  5.015
  5.005
  5.005
  5.005
  5.000
  5.000
  5.000
  4.995
  4.990
  4.990
  4.985
  4.980
  4.965
  4.965
  4.975
  4.975
  4.965
  4.930
  4.915
  4.900
  4.910
  4.905
  4.890
  4.880
  4.875
  4.880
  4.870
  4.865
  4.890
  4.885
  4.870
  4.840
  4.850
  4.855
  4.855
  4.835
  4.845
  4.840
  4.865
  4.860
  4.850
  4.845
  4.830
  4.830
  4.815
  4.805
  4.815
  4.820
  4.820
  4.820
  4.820
  4.840
  4.840
  4.840
  4.820
  4.810
  4.815
  4.820
  4.830
  4.810
  4.775
  4.765
  4.785
  4.805
  4.800
  4.795
  4.780
  4.775
  4.755
  4.765
  4.800
  4.800
  4.780
  4.765
  4.770
  4.790
  4.810
  4.805
  4.785
  4.755
  4.750
  4.765
  4.775
  4.775
  4.740
  4.715
  4.725
  4.730
  4.740
  4.735
  4.730
  4.710
  4.720
  4.720
  4.710
  4.715
  4.725
  4.720
  4.735
  4.730
  4.730
  4.725
  4.710
  4.710
  4.715
  4.740
  4.735
  4.715
  4.710
  4.705
  4.720
  4.725
  4.720
  4.725
  4.725
  4.710
  4.710
  4.720
  4.735
  4.745
  4.745
  4.730
  4.720
  4.735
  4.740
  4.745
  4.730
  4.720
  4.745
  4.750
  4.740
  4.720
  4.720
  4.745
  4.775
  4.790
  4.790
  4.760
  4.730
  4.715
  4.745
  4.770
  4.775
  4.760
  4.765
  4.755
  4.770
  4.785
  4.770
  4.760
  4.760
  4.750
  4.765
  4.780
  4.775
  4.780
  4.770
  4.755
  4.740
  4.750
  4.770
  4.795
  4.790
  4.770
  4.760
  4.770
  4.770
  4.795
  4.810
  4.785
  4.775
  4.770
  4.775
  4.765
  4.770
  4.760
  4.765
  4.775
  4.780
  4.785
  4.775
  4.755
  4.730
  4.740
  4.780
  4.840
  4.860
  4.840
  4.840
  4.845
  4.860
  4.860
  4.850
  4.835
  4.875
  4.890
  4.915
  4.925
  4.935
  4.940
  4.980
  4.990
  5.015
  4.990
  4.970
  4.975
  5.000
  5.015
  5.050
  5.040
  5.035
  4.985
  4.910
  4.870
  4.860
  4.835
  4.805
  4.760
  4.745
  4.735
  4.755
  4.750
  4.750
  4.725
  4.735
  4.750
  4.745
  4.730
  4.725
  4.720
  4.730
  4.735
  4.735
  4.740
  4.720
  4.720
  4.735
  4.745
  4.760
  4.745
  4.730
  4.730
  4.715
  4.720
  4.730
  4.755
  4.735
  4.725
  4.720
  4.725
  4.730
  4.735
  4.735
  4.720
  4.735
  4.745
  4.735
  4.715
  4.670
  4.680
  4.705
  4.725
  4.745
  4.740
  4.725
  4.655
  4.580
  4.520
  4.500
  4.480
  4.465
  4.470
  4.470
  4.440
  4.385
  4.340
  4.300
  4.265
  4.265
  4.230
  4.185
  4.135
  4.105
  4.100
  4.105
  4.135
  4.190
  4.235
  4.240
  4.285
  4.380
  4.465
  4.535
  4.575
  4.595
  4.615
  4.670
  4.730
  4.785
  4.805
  4.810
  4.800
  4.810
  4.820
  4.835
  4.835
  4.835
  4.815
  4.830
  4.840
  4.840
  4.845
  4.840
  4.820
  4.830
  4.845
  4.860
  4.855
  4.850
  4.840
  4.835
  4.835
  4.845
  4.870
  4.870
  4.860
  4.840
  4.855
  4.870
  4.860
  4.865
  4.865
  4.860
  4.875
  4.875
  4.880
  4.890
  4.885
  4.895
  4.895
  4.920
  4.910
  4.895
  4.885
  4.890
  4.895
  4.920
  4.940
  4.935
  4.935
  4.930
  4.920
  4.935
  4.950
  4.960
  4.950
  4.950
  4.965
  4.965
  4.970
  4.970
  4.955
  4.960
  4.970
  4.970
  4.970
  4.970
  4.975
  4.985
  4.975
  4.970
  4.975
  4.970
  4.955
  4.970
  4.990
  5.000
  4.990
  4.985
  4.975
  4.975
  4.970
  4.965
  4.955
  4.945
  4.920
  4.905
  4.900
  4.915
  4.910
  4.900
  4.890
  4.885
  4.875
  4.885
  4.870
  4.850
  4.850
  4.840
  4.855
  4.865
  4.865
  4.835
  4.830
  4.840
  4.845
  4.850
  4.845
  4.855
  4.845
  4.835
  4.845
  4.855
  4.840
  4.830
  4.825
  4.835
  4.855
  4.850
  4.840
  4.825
  4.815
  4.820
  4.840
  4.835
  4.835
  4.815
  4.805
  4.805
  4.825
  4.825
  4.825
  4.820
  4.810
  4.800
  4.815
  4.820
  4.815
  4.815
  4.790
  4.785
  4.785
  4.805
  4.805
  4.790
  4.765
  4.785
  4.795
  4.795
  4.795
  4.790
  4.765
  4.760
  4.770
  4.770
  4.775
  4.765
  4.740
  4.745
  4.750
  4.755
  4.750
  4.735
  4.715
  4.720
  4.725
  4.750
  4.750
  4.730
  4.710
  4.720
  4.715
  4.735
  4.755
  4.745
  4.725
  4.715
  4.720
  4.740
  4.755
  4.755
  4.735
  4.725
  4.720
  4.735
  4.745
  4.730
  4.740
  4.765
  4.780
  4.760
  4.740
  4.730
  4.740
  4.755
  4.755
  4.765
  4.765
  4.750
  4.745
  4.735
  4.745
  4.745
  4.745
  4.775
  4.775
  4.770
  4.770
  4.770
  4.765
  4.775
  4.765
  4.770
  4.765
  4.765
  4.750
  4.760
  4.755
  4.760
  4.770
  4.775
  4.760
  4.765
  4.745
  4.760
  4.765
  4.760
  4.755
  4.760
  4.755
  4.760
  4.770
  4.780
  4.785
  4.785
  4.770
  4.790
  4.810
  4.800
  4.810
  4.815
  4.800
  4.810
  4.835
  4.845
  4.855
  4.900
  4.930
  4.950
  4.935
  4.945
  4.965
  4.970
  4.965
  4.965
  4.975
  5.000
  5.020
  5.010
  4.980
  4.970
  4.935
  4.910
  4.875
  4.835
  4.795
  4.750
  4.725
  4.720
  4.700
  4.710
  4.705
  4.695
  4.715
  4.715
  4.715
  4.705
  4.695
  4.680
  4.680
  4.710
  4.725
  4.715
  4.690
  4.690
  4.695
  4.715
  4.700
  4.710
  4.715
  4.720
  4.720
  4.720
  4.700
  4.690
  4.680
  4.690
  4.700
  4.695
  4.710
  4.720
  4.700
  4.705
  4.705
  4.710
  4.695
  4.675
  4.645
  4.660
  4.700
  4.740
  4.730
  4.710
  4.715
  4.685
  4.615
  4.515
  4.470
  4.455
  4.455
  4.440
  4.430
  4.425
  4.380
  4.325
  4.275
  4.235
  4.220
  4.205
  4.155
  4.100
  4.050
  4.055
  4.075
  4.115
  4.165
  4.195
  4.205
  4.245
  4.330
  4.425
  4.490
  4.520
  4.545
  4.605
  4.680
  4.725
  4.740
  4.735
  4.735
  4.745
  4.760
  4.780
  4.790
  4.780
  4.770
  4.770
  4.790
  4.795
  4.790
  4.785
  4.785
  4.795
  4.815
  4.825
  4.825
  4.815
  4.800
  4.800
  4.790
  4.810
  4.815
  4.825
  4.810
  4.820
  4.820
  4.830
  4.840
  4.835
  4.830
  4.840
  4.855
  4.870
  4.860
  4.850
  4.840
  4.860
  4.865
  4.850
  4.855
  4.865
  4.875
  4.885
  4.880
  4.890
  4.910
  4.910
  4.900
  4.895
  4.905
  4.915
  4.915
  4.915
  4.910
  4.920
  4.910
  4.930
  4.930
  4.930
  4.920
  4.910
  4.905
  4.945
  4.965
  4.955
  4.935
  4.940
  4.955
  4.970
  4.970
  4.955
  4.940
  4.930
  4.940
  4.935
  4.910
  4.900
  4.885
  4.885
  4.890
  4.895
  4.880
  4.865
  4.855
  4.845
  4.855
  4.850
  4.835
  4.825
  4.810
  4.815
  4.820
  4.815
  4.815
  4.795
  4.755
  4.775
  4.790
  4.805
  4.785
  4.800
  4.770
  4.785
  4.780
  4.790
  4.780
  4.770
  4.765
  4.745
  4.760
  4.785
  4.785
  4.780
  4.760
  4.765
  4.760
  4.775
  4.770
  4.770
  4.755
  4.765
  4.760
  4.775
  4.765
  4.765
  4.755
  4.745
  4.755
  4.770
  4.760
  4.775
  4.750
  4.755
  4.770
  4.780
  4.770
  4.750
  4.735
  4.730
  4.745
  4.755
  4.745
  4.725
  4.715
  4.710
  4.715
  4.720
  4.720
  4.715
  4.695
  4.710
  4.715
  4.735
  4.725
  4.715
  4.710
  4.700
  4.710
  4.710
  4.715
  4.720
  4.710
  4.700
  4.705
  4.705
  4.690
  4.695
  4.690
  4.685
  4.695
  4.705
  4.710
  4.725
  4.710
  4.690
  4.670
  4.700
  4.695
  4.700
  4.685
  4.700
  4.695
  4.700
  4.690
  4.695
  4.695
  4.720
  4.725
  4.715
  4.710
  4.720
  4.725
  4.740
  4.750
  4.745
  4.735
  4.715
  4.710
  4.710
  4.715
  4.730
  4.725
  4.710
  4.700
  4.730
  4.735
  4.740
  4.745
  4.740
  4.725
  4.730
  4.735
  4.730
  4.720
  4.705
  4.720
  4.710
  4.725
  4.720
  4.725
  4.715
  4.725
  4.750
  4.755
  4.760
  4.750
  4.735
  4.725
  4.730
  4.745
  4.755
  4.745
  4.725
  4.730
  4.735
  4.745
  4.755
  4.760
  4.750
  4.740
  4.760
  4.800
  4.830
  4.835
  4.810
  4.810
  4.835
  4.860
  4.880
  4.900
  4.910
  4.915
  4.910
  4.935
  4.970
  4.985
  4.980
  4.960
  4.950
  4.975
  4.990
  4.995
  5.000
  4.990
  4.980
  4.940
  4.890
  4.850
  4.810
  4.765
  4.710
  4.695
  4.700
  4.710
  4.710
  4.710
  4.715
  4.725
  4.720
  4.720
  4.700
  4.705
  4.705
  4.700
  4.690
  4.680
  4.690
  4.700
  4.705
  4.720
  4.715
  4.710
  4.705
  4.705
  4.710
  4.720
  4.725
  4.715
  4.710
  4.700
  4.705
  4.710
  4.710
  4.720
  4.715
  4.695
  4.715
  4.730
  4.735
  4.730
  4.705
  4.685
  4.690
  4.735
  4.760
  4.755
  4.745
  4.735
  4.700
  4.615
  4.550
  4.500
  4.500
  4.485
  4.485
  4.475
  4.440
  4.395
  4.355
  4.335
  4.300
  4.295
  4.260
  4.225
  4.190
  4.160
  4.140
  4.135
  4.135
  4.180
  4.225
  4.240
  4.270
  4.340
  4.430
  4.495
  4.520
  4.545
  4.580
  4.635
  4.685
  4.750
  4.785
  4.785
  4.800
  4.815
  4.815
  4.815
  4.800
  4.790
  4.780
  4.805
  4.830
  4.845
  4.840
  4.825
  4.825
  4.835
  4.850
  4.855
  4.860
  4.845
  4.855
  4.850
  4.845
  4.845
  4.850
  4.850
  4.860
  4.855
  4.865
  4.870
  4.855
  4.850
  4.860
  4.875
  4.865
  4.860
  4.870
  4.870
  4.895
  4.905
  4.905
  4.900
  4.895
  4.900
  4.925
  4.910
  4.910
  4.910
  4.915
  4.910
  4.915
  4.935
  4.940
  4.950
  4.945
  4.940
  4.945
  4.960
  4.965
  4.965
  4.960
  4.965
  4.965
  4.970
  4.975
  4.975
  4.965
  4.955
  4.950
  4.980
  4.990
  4.985
  4.970
  4.955
  4.965
  4.960
  4.950
  4.945
  4.935
  4.920
  4.930
  4.920
  4.920
  4.915
  4.910
  4.895
  4.895
  4.895
  4.905
  4.890
  4.885
  4.870
  4.870
  4.875
  4.875
  4.865
  4.855
  4.840
  4.850
  4.855
  4.870
  4.870
  4.855
  4.840
  4.845
  4.855
  4.860
  4.845
  4.835
  4.830
  4.840
  4.860
  4.865
  4.855
  4.855
  4.850
  4.840
  4.850
  4.865
  4.855
  4.840
  4.835
  4.830
  4.835
  4.845
  4.845
  4.845
  4.840
  4.850
  4.850
  4.850
  4.845
  4.820
  4.830
  4.825
  4.840
  4.840
  4.820
  4.800
  4.800
  4.810
  4.825
  4.820
  4.810
  4.815
  4.800
  4.800
  4.790
  4.795
  4.795
  4.800
  4.775
  4.795
  4.805
  4.810
  4.805
  4.780
  4.785
  4.785
  4.795
  4.795
  4.780
  4.780
  4.770
  4.770
  4.790
  4.800
  4.815
  4.790
  4.780
  4.800
  4.815
  4.820
  4.810
  4.795
  4.795
  4.790
  4.810
  4.825
  4.815
  4.800
  4.775
  4.810
  4.805
  4.805
  4.810
  4.815
  4.805
  4.810
  4.820
  4.825
  4.815
  4.820
  4.800
  4.805
  4.810
  4.825
  4.820
  4.800
  4.800
  4.795
  4.815
  4.830
  4.840
  4.825
  4.810
  4.815
  4.835
  4.840
  4.840
  4.825
  4.810
  4.835
  4.835
  4.855
  4.845
  4.840
  4.835
  4.835
  4.850
  4.860
  4.855
  4.860
  4.865
  4.865
  4.905
  4.910
  4.905
  4.900
  4.900
  4.915
  4.930
  4.950
  4.980
  4.990
  5.000
  5.020
  5.040
  5.055
  5.060
  5.060
  5.050
  5.060
  5.085
  5.110
  5.085
  5.085
  5.055
  5.010
  4.980
  4.940
  4.920
  4.865
  4.820
  4.805
  4.805
  4.820
  4.815
  4.805
  4.810
  4.815
  4.830
  4.820
  4.805
  4.800
  4.800
  4.800
  4.815
  4.805
  4.800
  4.800
  4.805
  4.815
  4.830
  4.840
  4.820
  4.800
  4.810
  4.825
  4.825
  4.830
  4.820
  4.810
  4.800
  4.815
  4.825
  4.825
  4.810
  4.810
  4.800
  4.825
  4.835
  4.825
  4.800
  4.790
  4.805
  4.840
  4.850
  4.865
  4.850
  4.770
  4.690
  4.625
  4.610
  4.605
  4.605
  4.590
  4.540
  4.500
  4.465
  4.445
  4.400
  4.355
  4.290
  4.270
  4.240
  4.245
  4.235
  4.255
  4.280
  4.335
  4.360
  4.415
  4.490
  4.585
  4.620
  4.675
  4.720
  4.770
  4.820
  4.865
  4.865
  4.895
  4.905
  4.905
  4.915
  4.900
  4.890
  4.910
  4.920
  4.940
  4.940
  4.920
  4.915
  4.925
  4.930
  4.945
  4.945
  4.950
  4.940
  4.950
  4.960
  4.950
  4.955
  4.955
  4.940
  4.940
  4.935
  4.960
  4.960
  4.965
  4.950
  4.955
  4.960
  4.980
  4.980
  4.980
  4.975
  4.995
  5.010
  5.005
  5.015
  4.995
  4.995
  5.005
  5.025
  5.040
  5.035
  5.025
  5.035
  5.045
  5.065
  5.070
  5.070
  5.050
  5.045
  5.075
  5.080
  5.075
  5.070
  5.075
  5.085
  5.090
  5.110
  5.110
  5.105
  5.090
  5.065
  5.065
  5.080
  5.085
  5.070
  5.060
  5.035
  5.035
  5.055
  5.045
  5.040
  5.025
  5.005
  4.990
  4.990
  4.990
  4.970
  4.965
  4.925
  4.950
  4.955
  4.965
  4.960
  4.945
  4.940
  4.940
  4.935
  4.940
  4.930
  4.930
  4.950
  4.930
  4.930
  4.930
  4.930
  4.915
  4.915
  4.915
  4.925
  4.935
  4.940
  4.930
  4.910
  4.905
  4.920
  4.925
  4.910
  4.910
  4.880
  4.900
  4.910
  4.905
  4.910
  4.895
  4.870
  4.890
  4.895
  4.900
  4.895
  4.890
  4.870
  4.875
  4.880
  4.880
  4.875
  4.870
  4.870
  4.885
  4.900
  4.875
  4.850
  4.850
  4.855
  4.865
  4.875
  4.870
  4.850
  4.815
  4.765
  4.730
  4.705
  4.695
  4.670
  4.660
  4.665
  4.695
  4.730
  4.765
  4.830
  4.895
  4.935
  4.995
  5.055
  5.110
  5.155
  5.185
  5.250
  5.340
  5.375
  5.310
  5.250
  5.265
  5.330
  5.365
  5.325
  5.240
  5.155
  5.090
  4.975
  4.810
  4.640
  4.540
  4.530
  4.595
  4.700
  4.795
  4.835
  4.830
  4.825
  4.805
  4.785
  4.775
  4.795
  4.800
  4.805
  4.790
  4.775
  4.795
  4.790
  4.790
  4.775
  4.785
  4.775
  4.780
  4.790
  4.795
  4.795
  4.775
  4.760
  4.770
  4.780
  4.780
  4.775
  4.755
  4.755
  4.740
  4.755
  4.765
  4.760
  4.750
  4.755
  4.750
  4.775
  4.760
  4.760
  4.760
  4.770
  4.770
  4.785
  4.805
  4.820
  4.815
  4.805
  4.815
  4.835
  4.840
  4.845
  4.845
  4.880
  4.905
  4.935
  4.930
  4.935
  4.940
  4.950
  4.950
  4.945
  4.955
  4.960
  4.965
  4.985
  5.000
  5.000
  4.960
  4.910
  4.860
  4.820
  4.810
  4.775
  4.745
  4.700
  4.675
  4.665
  4.695
  4.700
  4.715
  4.705
  4.700
  4.700
  4.695
  4.710
  4.725
  4.725
  4.720
  4.715
  4.725
  4.735
  4.740
  4.740
  4.745
  4.755
  4.755
  4.780
  4.785
  4.785
  4.775
  4.770
  4.775
  4.785
  4.805
  4.795
  4.800
  4.805
  4.800
  4.795
  4.795
  4.810
  4.815
  4.800
  4.805
  4.805
  4.805
  4.805
  4.805
  4.790
  4.795
  4.795
  4.805
  4.800
  4.785
  4.785
  4.800
  4.815
  4.820
  4.825
  4.810
  4.800
  4.810
  4.815
  4.810
  4.810
  4.805
  4.805
  4.815
  4.835
  4.845
  4.840
  4.825
  4.825
  4.820
  4.840
  4.845
  4.840
  4.825
  4.830
  4.835
  4.840
  4.835
  4.855
  4.870
  4.850
  4.840
  4.855
  4.875
  4.855
  4.850
  4.855
  4.865
  4.885
  4.895
  4.875
  4.865
  4.860
  4.875
  4.880
  4.895
  4.880
  4.890
  4.890
  4.895
  4.890
  4.870
  4.855
  4.860
  4.865
  4.885
  4.905
  4.910
  4.895
  4.880
  4.860
  4.880
  4.880
  4.885
  4.890
  4.900
  4.900
  4.890
  4.885
  4.890
  4.890
  4.880
  4.870
  4.875
  4.890
  4.890
  4.890
  4.885
  4.865
  4.895
  4.890
  4.910
  4.915
  4.910
  4.900
  4.900
  4.925
  4.930
  4.920
  4.920
  4.915
  4.915
  4.915
  4.930
  4.925
  4.930
  4.920
  4.905
  4.910
  4.925
  4.925
  4.920
  4.915
  4.920
  4.930
  4.935
  4.930
  4.935
  4.925
  4.920
  4.915
  4.925
  4.930
  4.940
  4.915
  4.920
  4.920
  4.925
  4.920
  4.915
  4.900
  4.905
  4.925
  4.940
  4.965
  4.965
  4.945
  4.935
  4.940
  4.955
  4.940
  4.920
  4.920
  4.925
  4.930
  4.930
  4.935
  4.940
  4.930
  4.930
  4.925
  4.925
  4.925
  4.925
  4.925
  4.945
  4.950
  4.945
  4.930
  4.930
  4.925
  4.930
  4.930
  4.940
  4.935
  4.925
  4.925
  4.935
  4.940
  4.940
  4.950
  4.935
  4.935
  4.945
  4.950
  4.960
  4.935
  4.940
  4.910
  4.915
  4.940
  4.935
  4.940
  4.930
  4.935
  4.940
  4.950
  4.945
  4.945
  4.940
  4.940
  4.945
  4.940
  4.915
  4.940
  4.920
  4.925
  4.935
  4.940
  4.950
  4.950
  4.940
  4.940
  4.955
  4.960
  4.945
  4.930
  4.930
  4.930
  4.930
  4.945
  4.950
  4.945
  4.935
  4.920
  4.930
  4.950
  4.950
  4.960
  4.950
  4.925
  4.935
  4.945
  4.945
  4.950
  4.950
  4.925
  4.915
  4.930
  4.945
  4.930
  4.930
  4.930
  4.935
  4.935
  4.960
  4.945
  4.935
  4.935
  4.945
  4.950
  4.960
  4.955
  4.950
  4.940
  4.940
  4.935
  4.955
  4.945
  4.930
  4.940
  4.935
  4.950
  4.950
  4.950
  4.950
  4.945
  4.960
  4.955
  4.950
  4.935
  4.925
  4.935
  4.935
  4.945
  4.945
  4.955
  4.935
  4.945
  4.955
  4.950
  4.965
  4.945
  4.930
  4.925
  4.950
  4.980
  5.015
  5.005
  5.000
  5.010
  5.020
  5.035
  5.045
  5.055
  5.070
  5.080
  5.100
  5.130
  5.140
  5.145
  5.145
  5.145
  5.155
  5.165
  5.185
  5.185
  5.190
  5.185
  5.195
  5.160
  5.115
  5.065
  5.005
  4.975
  4.940
  4.915
  4.905
  4.895
  4.890
  4.900
  4.905
  4.915
  4.915
  4.895
  4.895
  4.880
  4.890
  4.900
  4.915
  4.905
  4.885
  4.875
  4.880
  4.905
  4.900
  4.890
  4.875
  4.880
  4.890
  4.910
  4.905
  4.900
  4.895
  4.885
  4.895
  4.895
  4.915
  4.910
  4.905
  4.885
  4.880
  4.895
  4.920
  4.940
  4.945
  4.930
  4.945
  4.930
  4.855
  4.765
  4.710
  4.700
  4.700
  4.690
  4.675
  4.640
  4.580
  4.550
  4.530
  4.490
  4.460
  4.435
  4.410
  4.375
  4.365
  4.355
  4.340
  4.335
  4.360
  4.380
  4.395
  4.395
  4.435
  4.525
  4.625
  4.690
  4.735
  4.760
  4.770
  4.815
  4.855
  4.905
  4.930
  4.945
  4.965
  4.995
  4.975
  4.955
  4.955
  4.965
  4.980
  4.990
  4.995
  4.985
  4.985
  4.995
  4.995
  4.990
  4.995
  4.990
  4.995
  5.000
  5.000
  4.985
  4.990
  4.975
  4.985
  4.990
  4.990
  4.995
  4.990
  4.975
  4.980
  4.995
  5.005
  4.995
  4.975
  4.980
  4.990
  4.990
  4.990
  4.995
  4.995
  5.005
  5.020
  5.040
  5.050
  5.050
  5.045
  5.035
  5.025
  5.040
  5.060
  5.060
  5.050
  5.045
  5.040
  5.030
  5.035
  5.050
  5.065
  5.075
  5.070
  5.070
  5.075
  5.075
  5.080
  5.080
  5.090
  5.100
  5.100
  5.080
  5.075
  5.065
  5.080
  5.095
  5.100
  5.100
  5.080
  5.075
  5.060
  5.075
  5.080
  5.065
  5.070
  5.065
  5.075
  5.090
  5.075
  5.065
  5.060
  5.050
  5.065
  5.065
  5.065
  5.060
  5.050
  5.055
  5.050
  5.050
  5.045
  5.030
  5.025
  5.010
  5.015
  5.035
  5.030
  5.020
  5.005
  4.990
  5.010
  4.995
  5.020
  5.010
  5.005
  5.005
  5.005
  5.015
  5.010
  5.000
  4.995
  4.980
  4.990
  5.005
  5.005
  5.000
  4.990
  5.000
  4.995
  5.005
  4.995
  4.990
  4.975
  4.970
  4.975
  4.985
  5.000
  5.000
  4.990
  4.980
  4.980
  5.000
  5.010
  4.990
  4.980
  4.975
  4.990
  5.000
  4.990
  4.970
  4.970
  4.965
  4.985
  4.985
  4.975
  4.965
  4.955
  4.955
  4.940
  4.950
  4.945
  4.935
  4.930
  4.915
  4.910
  4.900
  4.900
  4.895
  4.895
  4.905
  4.910
  4.910
  4.895
  4.885
  4.880
  4.865
  4.885
  4.900
  4.900
  4.905
  4.885
  4.860
  4.865
  4.880
  4.875
  4.875
  4.865
  4.880
  4.910
  4.910
  4.910
  4.910
  4.900
  4.890
  4.895
  4.905
  4.925
  4.935
  4.940
  4.940
  4.945
  4.945
  4.935
  4.925
  4.920
  4.920
  4.920
  4.930
  4.920
  4.925
  4.935
  4.935
  4.930
  4.940
  4.940
  4.940
  4.940
  4.950
  4.960
  4.955
  4.940
  4.945
  4.940
  4.930
  4.945
  4.955
  4.970
  4.955
  4.940
  4.930
  4.945
  4.950
  4.955
  4.945
  4.945
  4.940
  4.950
  4.955
  4.945
  4.950
  4.945
  4.935
  4.935
  4.940
  4.950
  4.960
  4.975
  4.975
  4.980
  4.980
  4.975
  4.965
  4.960
  4.965
  4.980
  5.015
  4.995
  5.010
  5.015
  5.015
  5.035
  5.040
  5.050
  5.055
  5.065
  5.070
  5.085
  5.105
  5.130
  5.175
  5.175
  5.175
  5.180
  5.175
  5.165
  5.175
  5.165
  5.160
  5.155
  5.155
  5.170
  5.140
  5.095
  5.055
  5.020
  4.980
  4.945
  4.900
  4.875
  4.890
  4.915
  4.940
  4.940
  4.925
  4.915
  4.910
  4.915
  4.925
  4.930
  4.915
  4.905
  4.905
  4.930
  4.925
  4.920
  4.915
  4.900
  4.905
  4.905
  4.910
  4.920
  4.900
  4.900
  4.900
  4.910
  4.905
  4.905
  4.910
  4.920
  4.935
  4.925
  4.925
  4.915
  4.915
  4.905
  4.920
  4.910
  4.890
  4.870
  4.870
  4.895
  4.925
  4.955
  4.960
  4.945
  4.910
  4.830
  4.745
  4.715
  4.690
  4.695
  4.695
  4.680
  4.645
  4.610
  4.570
  4.550
  4.500
  4.480
  4.440
  4.435
  4.410
  4.370
  4.330
  4.295
  4.285
  4.315
  4.365
  4.395
  4.410
  4.435
  4.510
  4.600
  4.675
  4.725
  4.750
  4.785
  4.820
  4.875
  4.925
  4.945
  4.965
  4.980
  4.975
  4.990
  4.995
  5.015
  5.005
  5.000
  4.990
  4.990
  5.000
  4.995
  5.000
  5.005
  5.010
  5.025
  5.040
  5.040
  5.030
  5.020
  5.010
  5.020
  5.045
  5.040
  5.030
  5.015
  5.015
  5.025
  5.030
  5.025
  5.025
  5.030
  5.025
  5.045
  5.050
  5.040
  5.030
  5.010
  5.010
  5.035
  5.065
  5.080
  5.070
  5.065
  5.065
  5.060
  5.080
  5.085
  5.090
  5.085
  5.080
  5.095
  5.115
  5.120
  5.115
  5.100
  5.105
  5.125
  5.135
  5.130
  5.130
  5.115
  5.115
  5.130
  5.140
  5.150
  5.140
  5.140
  5.125
  5.135
  5.160
  5.170
  5.160
  5.155
  5.150
  5.145
  5.165
  5.155
  5.155
  5.125
  5.130
  5.145
  5.155
  5.155
  5.145
  5.120
  5.110
  5.115
  5.130
  5.115
  5.100
  5.090
  5.080
  5.080
  5.090
  5.075
  5.065
  5.050
  5.025
  5.035
  5.040
  5.020
  5.010
  5.010
  5.020
  5.025
  5.030
  5.020
  5.005
  4.995
  4.985
  4.985
  5.000
  4.995
  4.985
  4.990
  4.970
  4.970
  4.980
  4.980
  4.960
  4.965
  4.955
  4.980
  5.000
  4.985
  4.975
  4.965
  4.955
  4.965
  4.975
  4.975
  4.975
  4.950
  4.935
  4.955
  4.960
  4.960
  4.935
  4.935
  4.935
  4.950
  4.960
  4.950
  4.935
  4.930
  4.930
  4.935
  4.935
  4.920
  4.925
  4.925
  4.935
  4.930
  4.930
  4.920
  4.910
  4.910
  4.910
  4.905
  4.895
  4.885
  4.900
  4.885
  4.880
  4.890
  4.905
  4.890
  4.895
  4.895
  4.870
  4.880
  4.900
  4.900
  4.900
  4.885
  4.870
  4.885
  4.885
  4.895
  4.890
  4.870
  4.865
  4.885
  4.915
  4.915
  4.920
  4.915
  4.905
  4.905
  4.900
  4.910
  4.905
  4.890
  4.895
  4.910
  4.925
  4.915
  4.900
  4.890
  4.890
  4.915
  4.925
  4.915
  4.910
  4.905
  4.885
  4.895
  4.905
  4.920
  4.920
  4.925
  4.920
  4.935
  4.935
  4.940
  4.925
  4.915
  4.920
  4.925
  4.935
  4.935
  4.935
  4.915
  4.915
  4.925
  4.930
  4.930
  4.925
  4.920
  4.925
  4.920
  4.935
  4.925
  4.935
  4.920
  4.935
  4.930
  4.940
  4.945
  4.935
  4.930
  4.905
  4.920
  4.940
  4.940
  4.930
  4.915
  4.905
  4.920
  4.925
  4.950
  4.930
  4.925
  4.915
  4.910
  4.945
  4.950
  4.945
  4.925
  4.920
  4.915
  4.925
  4.940
  4.945
  4.940
  4.965
  4.990
  5.005
  5.020
  5.010
  5.000
  5.000
  5.015
  5.050
  5.060
  5.070
  5.085
  5.095
  5.115
  5.130
  5.145
  5.140
  5.135
  5.115
  5.130
  5.160
  5.160
  5.155
  5.110
  5.070
  5.035
  5.010
  4.970
  4.935
  4.870
  4.830
  4.830
  4.860
  4.885
  4.880
  4.870
  4.860
  4.870
  4.875
  4.865
  4.855
  4.840
  4.850
  4.880
  4.895
  4.870
  4.850
  4.840
  4.855
  4.870
  4.870
  4.885
  4.865
  4.845
  4.850
  4.865
  4.860
  4.865
  4.855
  4.845
  4.855
  4.865
  4.880
  4.875
  4.870
  4.855
  4.850
  4.840
  4.850
  4.835
  4.800
  4.785
  4.770
  4.785
  4.810
  4.810
  4.810
  4.800
  4.755
  4.670
  4.600
  4.575
  4.580
  4.595
  4.580
  4.580
  4.555
  4.495
  4.440
  4.400
  4.385
  4.375
  4.370
  4.330
  4.265
  4.235
  4.235
  4.230
  4.260
  4.295
  4.355
  4.375
  4.395
  4.455
  4.555
  4.625
  4.675
  4.705
  4.745
  4.795
  4.865
  4.890
  4.910
  4.915
  4.920
  4.935
  4.940
  4.950
  4.935
  4.935
  4.935
  4.955
  4.965
  4.965
  4.960
  4.965
  4.975
  4.965
  4.980
  4.970
  4.970
  4.980
  4.970
  4.980
  4.995
  4.970
  4.970
  4.960
  4.970
  4.990
  5.015
  5.015
  4.995
  5.000
  4.985
  4.995
  5.015